0 0.423828 0.332031 0.078125 0.078125
0 0.767578 0.375000 0.089844 0.089844
0 0.425781 0.601562 0.023438 0.023438
0 0.998047 0.636719 0.078125 0.078125
0 0.785156 0.755859 0.019531 0.019531
0 0.535156 0.414062 0.058594 0.058594
0 0.501953 0.720703 0.058594 0.058594
0 0.226562 0.833984 0.054688 0.054688
0 0.464844 0.126953 0.031250 0.031250
0 0.630859 0.294922 0.074219 0.074219
0 0.257812 0.421875 0.089844 0.089844
0 0.345703 0.527344 0.093750 0.093750
0 0.371094 0.703125 0.082031 0.082031
0 0.539062 0.531250 0.031250 0.031250
0 0.519531 0.187500 0.050781 0.050781
0 0.687500 0.505859 0.023438 0.023438
0 0.578125 0.718750 0.042969 0.042969
0 0.400391 0.425781 0.023438 0.023438
0 0.347656 0.367188 0.078125 0.078125
0 0.535156 0.240234 0.042969 0.042969
0 0.623047 0.429688 0.042969 0.042969
0 0.654297 0.574219 0.023438 0.023438
0 0.712891 0.613281 0.070312 0.070312
0 0.281250 0.621094 0.082031 0.082031
0 0.652344 0.712891 0.031250 0.031250
0 0.357422 0.455078 0.023438 0.023438
0 0.587891 0.451172 0.039062 0.039062
0 0.351562 0.587891 0.019531 0.019531
0 0.109375 0.689453 0.082031 0.082031
0 0.505859 0.652344 0.050781 0.050781
0 0.466797 0.398438 0.035156 0.035156
0 0.716797 0.490234 0.035156 0.035156
0 0.492188 0.326172 0.031250 0.031250
0 0.537109 0.589844 0.046875 0.046875
0 0.687500 0.476562 0.019531 0.019531
0 0.156250 0.390625 0.066406 0.066406
0 0.728516 0.541016 0.023438 0.023438
0 0.699219 0.179688 0.070312 0.070312
0 0.367188 0.250000 0.074219 0.074219
0 0.625000 0.638672 0.015625 0.015625
0 0.570312 0.263672 0.027344 0.027344
0 0.445312 0.537109 0.046875 0.046875
0 0.849609 0.441406 0.019531 0.019531
0 0.599609 0.601562 0.062500 0.062500
0 0.419922 0.449219 0.031250 0.031250
0 0.478516 0.294922 0.019531 0.019531
0 0.503906 0.126953 0.019531 0.019531
0 0.292969 0.705078 0.066406 0.066406
0 0.548828 0.505859 0.019531 0.019531
0 0.191406 0.072266 0.062500 0.062500
0 0.910156 0.425781 0.019531 0.019531
0 0.908203 0.494141 0.050781 0.050781
0 0.523438 0.859375 0.031250 0.031250
0 0.394531 0.638672 0.035156 0.035156
0 0.625000 0.832031 0.066406 0.066406
0 0.416016 0.794922 0.039062 0.039062
0 0.208984 0.199219 0.054688 0.054688
0 0.449219 0.251953 0.031250 0.031250
0 0.832031 0.626953 0.078125 0.078125
0 0.576172 0.664062 0.027344 0.027344
0 0.636719 0.384766 0.015625 0.015625
0 0.595703 0.525391 0.019531 0.019531
0 0.792969 0.478516 0.070312 0.070312
0 0.746094 0.455078 0.031250 0.031250
0 0.496094 0.439453 0.015625 0.015625
0 0.734375 0.277344 0.039062 0.039062
0 0.501953 0.488281 0.019531 0.019531
0 0.728516 0.072266 0.027344 0.027344
0 0.593750 0.386719 0.046875 0.046875
0 0.296875 0.476562 0.031250 0.031250
0 0.703125 0.310547 0.019531 0.019531
0 0.498047 0.527344 0.039062 0.039062
0 0.439453 0.724609 0.042969 0.042969
0 0.171875 0.525391 0.070312 0.070312
0 0.775391 0.681641 0.035156 0.035156
0 0.462891 0.453125 0.046875 0.046875
0 0.425781 0.197266 0.023438 0.023438
0 0.183594 0.312500 0.058594 0.058594
0 0.609375 0.664062 0.019531 0.019531
0 0.140625 0.257812 0.062500 0.062500
0 0.732422 0.775391 0.082031 0.082031
0 0.648438 0.757812 0.019531 0.019531
0 0.642578 0.482422 0.042969 0.042969
0 0.505859 0.371094 0.039062 0.039062
0 0.599609 0.113281 0.082031 0.082031
0 0.117188 0.328125 0.050781 0.050781
0 0.265625 0.263672 0.078125 0.078125
0 0.535156 0.333984 0.031250 0.031250
0 0.453125 0.662109 0.015625 0.015625
0 0.787109 0.273438 0.031250 0.031250
0 0.386719 0.058594 0.054688 0.054688
0 0.257812 0.527344 0.027344 0.027344
0 0.542969 0.679688 0.039062 0.039062
0 0.449219 0.783203 0.023438 0.023438
0 0.826172 0.394531 0.015625 0.015625
0 0.369141 0.166016 0.093750 0.093750
0 0.515625 0.458984 0.039062 0.039062
0 0.279297 0.529297 0.015625 0.015625
0 0.218750 0.746094 0.031250 0.031250
0 0.750000 0.587891 0.015625 0.015625
0 0.134766 0.490234 0.019531 0.019531
0 0.910156 0.785156 0.042969 0.042969
0 0.412109 0.513672 0.027344 0.027344
0 0.560547 0.998047 0.074219 0.074219
0 0.580078 0.888672 0.031250 0.031250
0 0.072266 0.167969 0.035156 0.035156
0 0.691406 0.554688 0.035156 0.035156
0 0.873047 0.291016 0.082031 0.082031
0 0.343750 0.638672 0.046875 0.046875
0 0.191406 0.671875 0.046875 0.046875
0 0.859375 0.488281 0.015625 0.015625
0 0.763672 0.537109 0.015625 0.015625
0 0.882812 0.451172 0.015625 0.015625
0 0.228516 0.773438 0.015625 0.015625
0 0.353516 0.304688 0.015625 0.015625
0 0.523438 0.287109 0.023438 0.023438
0 0.402344 0.382812 0.027344 0.027344
0 0.503906 0.777344 0.027344 0.027344
0 0.000000 0.593750 0.023438 0.023438
0 0.652344 0.363281 0.015625 0.015625
0 0.539062 0.628906 0.027344 0.027344
0 0.685547 0.816406 0.031250 0.031250
0 0.177734 0.578125 0.027344 0.027344
0 0.308594 0.875000 0.015625 0.015625
0 0.998047 0.503906 0.050781 0.050781
0 0.371094 0.833984 0.019531 0.019531
0 0.623047 0.359375 0.027344 0.027344
0 0.478516 0.267578 0.031250 0.031250
0 0.935547 0.458984 0.027344 0.027344
0 0.826172 0.556641 0.054688 0.054688
0 0.681641 0.253906 0.031250 0.031250
0 0.792969 0.238281 0.019531 0.019531
0 0.101562 0.386719 0.019531 0.019531
0 0.666016 0.671875 0.019531 0.019531
0 0.898438 0.648438 0.035156 0.035156
0 0.431641 0.416016 0.019531 0.019531
0 0.498047 0.566406 0.027344 0.027344
0 0.878906 0.408203 0.039062 0.039062
0 0.398438 0.572266 0.031250 0.031250
0 0.322266 0.000000 0.058594 0.058594
0 0.291016 0.548828 0.019531 0.019531
0 0.517578 0.935547 0.039062 0.039062
0 0.630859 0.531250 0.019531 0.019531
0 0.269531 0.181641 0.019531 0.019531
0 0.277344 0.355469 0.042969 0.042969
0 0.726562 0.701172 0.031250 0.031250
0 0.361328 0.775391 0.019531 0.019531
0 0.845703 0.708984 0.058594 0.058594
0 0.642578 0.000000 0.062500 0.062500
0 0.443359 0.902344 0.070312 0.070312
0 0.365234 0.001953 0.015625 0.015625
0 0.685547 0.421875 0.070312 0.070312
0 0.625000 0.187500 0.031250 0.031250
0 0.404297 0.953125 0.031250 0.031250
0 0.541016 0.486328 0.019531 0.019531
0 0.085938 0.779297 0.039062 0.039062
0 0.312500 0.296875 0.023438 0.023438
0 0.330078 0.064453 0.050781 0.050781
0 0.029297 0.316406 0.085938 0.085938
0 0.314453 0.458984 0.015625 0.015625
0 0.716797 0.462891 0.015625 0.015625
0 0.095703 0.503906 0.015625 0.015625
0 0.056641 0.478516 0.050781 0.050781
0 0.570312 0.220703 0.031250 0.031250
0 0.679688 0.359375 0.031250 0.031250
0 0.058594 0.583984 0.046875 0.046875
0 0.425781 0.484375 0.031250 0.031250
0 0.464844 0.605469 0.015625 0.015625
0 0.691406 0.998047 0.085938 0.085938
0 0.119141 0.583984 0.046875 0.046875
0 0.554688 0.000000 0.023438 0.023438
0 0.158203 0.126953 0.015625 0.015625
0 0.441406 0.957031 0.027344 0.027344
0 0.470703 0.562500 0.019531 0.019531
0 0.544922 0.759766 0.054688 0.054688
0 0.568359 0.636719 0.027344 0.027344
0 0.677734 0.750000 0.019531 0.019531
0 0.185547 0.445312 0.015625 0.015625
0 0.658203 0.541016 0.019531 0.019531
0 0.244141 0.126953 0.015625 0.015625
0 0.630859 0.248047 0.019531 0.019531
0 0.617188 0.501953 0.015625 0.015625
0 0.437500 0.220703 0.023438 0.023438
0 0.439453 0.650391 0.015625 0.015625
0 0.578125 0.333984 0.050781 0.050781
0 0.566406 0.546875 0.019531 0.019531
0 0.076172 0.529297 0.027344 0.027344
0 0.021484 0.425781 0.042969 0.042969
0 0.343750 0.433594 0.027344 0.027344
0 0.361328 0.757812 0.015625 0.015625
0 0.255859 0.902344 0.050781 0.050781
0 0.822266 0.167969 0.042969 0.042969
0 0.287109 0.128906 0.066406 0.066406
0 0.736328 0.320312 0.019531 0.019531
0 0.839844 0.507812 0.015625 0.015625
0 0.423828 0.144531 0.015625 0.015625
0 0.464844 0.820312 0.050781 0.050781
0 0.087891 0.435547 0.054688 0.054688
0 0.783203 0.597656 0.035156 0.035156
0 0.261719 0.492188 0.023438 0.023438
0 0.505859 0.054688 0.042969 0.042969
0 0.357422 0.998047 0.085938 0.085938
0 0.521484 0.148438 0.023438 0.023438
0 0.515625 0.017578 0.019531 0.019531
0 0.777344 0.638672 0.027344 0.027344
0 0.240234 0.732422 0.015625 0.015625
0 0.560547 0.822266 0.054688 0.054688
0 0.968750 0.347656 0.023438 0.023438
0 0.306641 0.572266 0.023438 0.023438
0 0.685547 0.332031 0.023438 0.023438
0 0.683594 0.298828 0.023438 0.023438
0 0.292969 0.798828 0.093750 0.093750
0 0.615234 0.550781 0.015625 0.015625
0 0.246094 0.708984 0.027344 0.027344
0 0.369141 0.888672 0.035156 0.035156
0 0.882812 0.673828 0.015625 0.015625
0 0.396484 0.605469 0.031250 0.031250
0 0.177734 0.617188 0.027344 0.027344
0 0.654297 0.623047 0.039062 0.039062
0 0.597656 0.494141 0.023438 0.023438
0 0.150391 0.644531 0.023438 0.023438
0 0.103516 0.943359 0.015625 0.015625
0 0.767578 0.847656 0.042969 0.042969
0 0.757812 0.181641 0.042969 0.042969
0 0.388672 0.464844 0.015625 0.015625
0 0.570312 0.509766 0.019531 0.019531
0 0.796875 0.705078 0.019531 0.019531
0 0.300781 0.320312 0.015625 0.015625
0 0.500000 0.886719 0.019531 0.019531
0 0.660156 0.335938 0.015625 0.015625
0 0.644531 0.894531 0.050781 0.050781
0 0.222656 0.511719 0.027344 0.027344
0 0.609375 0.935547 0.035156 0.035156
0 0.472656 0.582031 0.015625 0.015625
0 0.777344 0.566406 0.027344 0.027344
0 0.537109 0.369141 0.015625 0.015625
0 0.480469 0.773438 0.015625 0.015625
0 0.468750 0.500000 0.019531 0.019531
0 0.736328 0.867188 0.019531 0.019531
0 0.498047 0.597656 0.019531 0.019531
0 0.427734 0.835938 0.015625 0.015625
0 0.875000 0.578125 0.027344 0.027344
0 0.371094 0.425781 0.019531 0.019531
0 0.302734 0.197266 0.015625 0.015625
0 0.570312 0.164062 0.019531 0.019531
0 0.257812 0.677734 0.019531 0.019531
0 0.187500 0.466797 0.019531 0.019531
0 0.660156 0.652344 0.019531 0.019531
0 0.464844 0.751953 0.015625 0.015625
0 0.169922 0.892578 0.078125 0.078125
0 0.416016 0.656250 0.019531 0.019531
0 0.447266 0.580078 0.031250 0.031250
0 0.261719 0.083984 0.035156 0.035156
0 0.000000 0.791016 0.089844 0.089844
0 0.207031 0.585938 0.027344 0.027344
0 0.964844 0.449219 0.027344 0.027344
0 0.236328 0.025391 0.019531 0.019531
0 0.757812 0.134766 0.023438 0.023438
0 0.189453 0.263672 0.035156 0.035156
0 0.482422 0.353516 0.019531 0.019531
0 0.222656 0.632812 0.035156 0.035156
0 0.121094 0.513672 0.031250 0.031250
0 0.726562 0.031250 0.027344 0.027344
0 0.539062 0.107422 0.015625 0.015625
0 0.166016 0.791016 0.070312 0.070312
0 0.972656 0.296875 0.058594 0.058594
0 0.609375 0.765625 0.050781 0.050781
0 0.750000 0.724609 0.015625 0.015625
0 0.705078 0.669922 0.023438 0.023438
0 0.080078 0.255859 0.046875 0.046875
0 0.404297 0.853516 0.031250 0.031250
0 0.453125 0.634766 0.023438 0.023438
0 0.033203 0.525391 0.042969 0.042969
0 0.013672 0.648438 0.039062 0.039062
0 0.406250 0.535156 0.015625 0.015625
0 0.658203 0.128906 0.015625 0.015625
0 0.580078 0.480469 0.019531 0.019531
0 0.244141 0.574219 0.031250 0.031250
0 0.439453 0.378906 0.015625 0.015625
0 0.531250 0.554688 0.015625 0.015625
0 0.585938 0.019531 0.027344 0.027344
0 0.757812 0.507812 0.015625 0.015625
0 0.392578 0.759766 0.035156 0.035156
0 0.742188 0.490234 0.015625 0.015625
0 0.625000 0.699219 0.015625 0.015625
0 0.582031 0.289062 0.015625 0.015625
0 0.447266 0.503906 0.019531 0.019531
0 0.597656 0.232422 0.015625 0.015625
0 0.722656 0.244141 0.031250 0.031250
0 0.958984 0.136719 0.093750 0.093750
0 0.203125 0.404297 0.019531 0.019531
0 0.943359 0.699219 0.035156 0.035156
0 0.972656 0.542969 0.039062 0.039062
0 0.935547 0.763672 0.019531 0.019531
0 0.283203 0.970703 0.027344 0.027344
0 0.226562 0.361328 0.031250 0.031250
0 0.630859 0.675781 0.015625 0.015625
0 0.859375 0.794922 0.050781 0.050781
0 0.216797 0.550781 0.027344 0.027344
0 0.421875 0.679688 0.023438 0.023438
0 0.472656 0.160156 0.023438 0.023438
0 0.923828 0.591797 0.070312 0.070312
0 0.675781 0.724609 0.015625 0.015625
0 0.998047 0.253906 0.031250 0.031250
0 0.669922 0.525391 0.015625 0.015625
0 0.457031 0.683594 0.019531 0.019531
0 0.222656 0.468750 0.015625 0.015625
0 0.486328 0.958984 0.027344 0.027344
0 0.386719 0.294922 0.015625 0.015625
0 0.150391 0.621094 0.023438 0.023438
0 0.152344 0.443359 0.039062 0.039062
0 0.394531 0.826172 0.015625 0.015625
0 0.451172 0.025391 0.019531 0.019531
0 0.695312 0.904297 0.039062 0.039062
0 0.660156 0.070312 0.066406 0.066406
0 0.962891 0.888672 0.089844 0.089844
0 0.708984 0.332031 0.023438 0.023438
0 0.578125 0.562500 0.015625 0.015625
0 0.546875 0.890625 0.015625 0.015625
0 0.876953 0.468750 0.015625 0.015625
0 0.470703 0.203125 0.027344 0.027344
0 0.630859 0.570312 0.019531 0.019531
0 0.644531 0.224609 0.031250 0.031250
0 0.476562 0.992188 0.039062 0.039062
0 0.943359 0.351562 0.027344 0.027344
0 0.966797 0.482422 0.015625 0.015625
0 0.779297 0.091797 0.019531 0.019531
0 0.550781 0.458984 0.023438 0.023438
0 0.134766 0.197266 0.042969 0.042969
0 0.748047 0.933594 0.050781 0.050781
0 0.078125 0.554688 0.015625 0.015625
0 0.373047 0.593750 0.019531 0.019531
0 0.812500 0.214844 0.023438 0.023438
0 0.949219 0.253906 0.023438 0.023438
0 0.828125 0.361328 0.015625 0.015625
0 0.232422 0.791016 0.015625 0.015625
0 0.482422 0.621094 0.019531 0.019531
0 0.312500 0.232422 0.019531 0.019531
0 0.412109 0.404297 0.019531 0.019531
0 0.328125 0.912109 0.039062 0.039062
0 0.679688 0.695312 0.023438 0.023438
0 0.781250 0.525391 0.015625 0.015625
0 0.138672 0.078125 0.042969 0.042969
0 0.705078 0.728516 0.019531 0.019531
0 0.390625 0.406250 0.015625 0.015625
0 0.433594 0.623047 0.019531 0.019531
0 0.125000 0.630859 0.023438 0.023438
0 0.558594 0.082031 0.015625 0.015625
0 0.449219 0.070312 0.031250 0.031250
0 0.830078 0.236328 0.019531 0.019531
0 0.517578 0.816406 0.015625 0.015625
0 0.908203 0.837891 0.046875 0.046875
0 0.585938 0.419922 0.019531 0.019531
0 0.074219 0.617188 0.019531 0.019531
0 0.710938 0.359375 0.023438 0.023438
0 0.052734 0.136719 0.019531 0.019531
0 0.945312 0.816406 0.023438 0.023438
0 0.734375 0.517578 0.019531 0.019531
0 0.593750 0.166016 0.015625 0.015625
0 0.421875 0.265625 0.023438 0.023438
0 0.322266 0.585938 0.015625 0.015625
0 0.162109 0.597656 0.015625 0.015625
0 0.585938 0.191406 0.015625 0.015625
0 0.126953 0.148438 0.054688 0.054688
0 0.593750 0.642578 0.019531 0.019531
0 0.552734 0.291016 0.035156 0.035156
0 0.501953 0.218750 0.015625 0.015625
0 0.435547 0.396484 0.019531 0.019531
0 0.267578 0.851562 0.019531 0.019531
0 0.644531 0.789062 0.015625 0.015625
0 0.816406 0.427734 0.035156 0.035156
0 0.433594 0.125000 0.023438 0.023438
0 0.576172 0.527344 0.015625 0.015625
0 0.548828 0.041016 0.042969 0.042969
0 0.814453 0.324219 0.035156 0.035156
0 0.416016 0.998047 0.031250 0.031250
0 0.998047 0.195312 0.042969 0.042969
0 0.378906 0.318359 0.015625 0.015625
0 0.970703 0.388672 0.058594 0.058594
0 0.599609 0.691406 0.019531 0.019531
0 0.000000 0.552734 0.039062 0.039062
0 0.845703 0.462891 0.015625 0.015625
0 0.923828 0.386719 0.019531 0.019531
0 0.675781 0.224609 0.015625 0.015625
0 0.322266 0.744141 0.027344 0.027344
0 0.208984 0.714844 0.027344 0.027344
0 0.447266 0.000000 0.031250 0.031250
0 0.537109 0.707031 0.015625 0.015625
0 0.867188 0.521484 0.039062 0.039062
0 0.746094 0.429688 0.019531 0.019531
0 0.523438 0.501953 0.015625 0.015625
0 0.617188 0.066406 0.015625 0.015625
0 0.898438 0.357422 0.027344 0.027344
