0 0.292969 0.669922 0.050781 0.050781
0 0.435547 0.474609 0.050781 0.050781
0 0.458984 0.347656 0.031250 0.031250
0 0.583984 0.763672 0.085938 0.085938
0 0.492188 0.617188 0.058594 0.058594
0 0.625000 0.517578 0.031250 0.031250
0 0.564453 0.357422 0.015625 0.015625
0 0.160156 0.974609 0.042969 0.042969
0 0.509766 0.521484 0.042969 0.042969
0 0.302734 0.410156 0.085938 0.085938
0 0.240234 0.630859 0.031250 0.031250
0 0.591797 0.683594 0.058594 0.058594
0 0.314453 0.332031 0.023438 0.023438
0 0.753906 0.492188 0.042969 0.042969
0 0.802734 0.318359 0.078125 0.078125
0 0.710938 0.130859 0.089844 0.089844
0 0.234375 0.466797 0.019531 0.019531
0 0.457031 0.199219 0.058594 0.058594
0 0.189453 0.292969 0.027344 0.027344
0 0.419922 0.546875 0.027344 0.027344
0 0.582031 0.613281 0.082031 0.082031
0 0.845703 0.542969 0.058594 0.058594
0 0.210938 0.542969 0.042969 0.042969
0 0.396484 0.378906 0.070312 0.070312
0 0.250000 0.525391 0.023438 0.023438
0 0.498047 0.468750 0.035156 0.035156
0 0.746094 0.568359 0.042969 0.042969
0 0.626953 0.458984 0.082031 0.082031
0 0.705078 0.640625 0.039062 0.039062
0 0.529297 0.773438 0.015625 0.015625
0 0.781250 0.507812 0.015625 0.015625
0 0.353516 0.312500 0.050781 0.050781
0 0.353516 0.476562 0.035156 0.035156
0 0.507812 0.369141 0.066406 0.066406
0 0.373047 0.214844 0.039062 0.039062
0 0.437500 0.054688 0.046875 0.046875
0 0.603516 0.148438 0.031250 0.031250
0 0.675781 0.416016 0.023438 0.023438
0 0.421875 0.583984 0.019531 0.019531
0 0.167969 0.447266 0.074219 0.074219
0 0.347656 0.082031 0.066406 0.066406
0 0.337891 0.585938 0.035156 0.035156
0 0.738281 0.769531 0.046875 0.046875
0 0.679688 0.314453 0.062500 0.062500
0 0.445312 0.300781 0.039062 0.039062
0 0.505859 0.703125 0.019531 0.019531
0 0.203125 0.708984 0.082031 0.082031
0 0.458984 0.970703 0.023438 0.023438
0 0.347656 0.181641 0.023438 0.023438
0 0.804688 0.757812 0.078125 0.078125
0 0.375000 0.597656 0.039062 0.039062
0 0.681641 0.595703 0.027344 0.027344
0 0.478516 0.769531 0.062500 0.062500
0 0.847656 0.398438 0.027344 0.027344
0 0.167969 0.306641 0.019531 0.019531
0 0.548828 0.427734 0.035156 0.035156
0 0.298828 0.623047 0.035156 0.035156
0 0.390625 0.453125 0.027344 0.027344
0 0.478516 0.271484 0.027344 0.027344
0 0.462891 0.435547 0.031250 0.031250
0 0.298828 0.058594 0.027344 0.027344
0 0.632812 0.375000 0.035156 0.035156
0 0.468750 0.251953 0.015625 0.015625
0 0.000000 0.712891 0.089844 0.089844
0 0.269531 0.281250 0.042969 0.042969
0 0.863281 0.328125 0.023438 0.023438
0 0.140625 0.582031 0.046875 0.046875
0 0.134766 0.369141 0.031250 0.031250
0 0.396484 0.775391 0.070312 0.070312
0 0.474609 0.697266 0.015625 0.015625
0 0.302734 0.550781 0.050781 0.050781
0 0.291016 0.720703 0.015625 0.015625
0 0.312500 0.787109 0.058594 0.058594
0 0.703125 0.234375 0.035156 0.035156
0 0.722656 0.394531 0.015625 0.015625
0 0.505859 0.310547 0.050781 0.050781
0 0.390625 0.701172 0.058594 0.058594
0 0.548828 0.328125 0.027344 0.027344
0 0.574219 0.515625 0.019531 0.019531
0 0.917969 0.691406 0.093750 0.093750
0 0.919922 0.046875 0.085938 0.085938
0 0.599609 0.335938 0.027344 0.027344
0 0.759766 0.419922 0.046875 0.046875
0 0.566406 0.228516 0.042969 0.042969
0 0.193359 0.623047 0.015625 0.015625
0 0.404297 0.177734 0.046875 0.046875
0 0.480469 0.564453 0.042969 0.042969
0 0.435547 0.412109 0.019531 0.019531
0 0.349609 0.712891 0.019531 0.019531
0 0.966797 0.591797 0.062500 0.062500
0 0.517578 0.121094 0.042969 0.042969
0 0.333984 0.636719 0.035156 0.035156
0 0.537109 0.845703 0.089844 0.089844
0 0.386719 0.531250 0.015625 0.015625
0 0.394531 0.636719 0.046875 0.046875
0 0.689453 0.503906 0.027344 0.027344
0 0.855469 0.097656 0.042969 0.042969
0 0.521484 0.263672 0.023438 0.023438
0 0.312500 0.308594 0.019531 0.019531
0 0.810547 0.660156 0.070312 0.070312
0 0.250000 0.580078 0.050781 0.050781
0 0.574219 0.398438 0.023438 0.023438
0 0.349609 0.025391 0.027344 0.027344
0 0.232422 0.367188 0.078125 0.078125
0 0.916016 0.521484 0.019531 0.019531
0 0.091797 0.564453 0.031250 0.031250
0 0.554688 0.490234 0.015625 0.015625
0 0.111328 0.152344 0.066406 0.066406
0 0.765625 0.871094 0.015625 0.015625
0 0.330078 0.501953 0.031250 0.031250
0 0.410156 0.851562 0.082031 0.082031
0 0.699219 0.808594 0.046875 0.046875
0 0.667969 0.570312 0.015625 0.015625
0 0.771484 0.523438 0.019531 0.019531
0 0.646484 0.666016 0.035156 0.035156
0 0.441406 0.582031 0.019531 0.019531
0 0.322266 0.691406 0.015625 0.015625
0 0.861328 0.880859 0.054688 0.054688
0 0.126953 0.894531 0.035156 0.035156
0 0.447266 0.533203 0.015625 0.015625
0 0.917969 0.423828 0.042969 0.042969
0 0.054688 0.603516 0.035156 0.035156
0 0.785156 0.164062 0.054688 0.054688
0 0.716797 0.363281 0.023438 0.023438
0 0.912109 0.378906 0.035156 0.035156
0 0.210938 0.205078 0.062500 0.062500
0 0.029297 0.357422 0.042969 0.042969
0 0.074219 0.423828 0.035156 0.035156
0 0.593750 0.292969 0.015625 0.015625
0 0.548828 0.294922 0.015625 0.015625
0 0.404297 0.529297 0.019531 0.019531
0 0.308594 0.908203 0.050781 0.050781
0 0.265625 0.455078 0.015625 0.015625
0 0.289062 0.210938 0.066406 0.066406
0 0.167969 0.644531 0.015625 0.015625
0 0.574219 0.896484 0.031250 0.031250
0 0.685547 0.724609 0.089844 0.089844
0 0.246094 0.300781 0.015625 0.015625
0 0.576172 0.539062 0.019531 0.019531
0 0.267578 0.496094 0.019531 0.019531
0 0.638672 0.607422 0.031250 0.031250
0 0.669922 0.191406 0.035156 0.035156
0 0.318359 0.712891 0.023438 0.023438
0 0.433594 0.644531 0.027344 0.027344
0 0.335938 0.832031 0.015625 0.015625
0 0.550781 0.259766 0.023438 0.023438
0 0.375000 0.552734 0.015625 0.015625
0 0.177734 0.355469 0.027344 0.027344
0 0.826172 0.472656 0.042969 0.042969
0 0.443359 0.554688 0.019531 0.019531
0 0.511719 0.578125 0.023438 0.023438
0 0.291016 0.820312 0.019531 0.019531
0 0.669922 0.490234 0.019531 0.019531
0 0.480469 0.412109 0.027344 0.027344
0 0.884766 0.521484 0.027344 0.027344
0 0.529297 0.691406 0.023438 0.023438
0 0.570312 0.453125 0.031250 0.031250
0 0.533203 0.490234 0.019531 0.019531
0 0.683594 0.392578 0.023438 0.023438
0 0.312500 0.740234 0.015625 0.015625
0 0.687500 0.839844 0.015625 0.015625
0 0.228516 0.492188 0.023438 0.023438
0 0.683594 0.527344 0.019531 0.019531
0 0.855469 0.599609 0.050781 0.050781
0 0.636719 0.228516 0.050781 0.050781
0 0.386719 0.298828 0.019531 0.019531
0 0.273438 0.146484 0.062500 0.062500
0 0.716797 0.550781 0.019531 0.019531
0 0.726562 0.439453 0.023438 0.023438
0 0.785156 0.609375 0.027344 0.027344
0 0.419922 0.328125 0.019531 0.019531
0 0.445312 0.683594 0.027344 0.027344
0 0.978516 0.326172 0.082031 0.082031
0 0.566406 0.314453 0.015625 0.015625
0 0.365234 0.968750 0.031250 0.031250
0 0.660156 0.533203 0.019531 0.019531
0 0.355469 0.546875 0.023438 0.023438
0 0.591797 0.193359 0.015625 0.015625
0 0.785156 0.246094 0.027344 0.027344
0 0.609375 0.410156 0.019531 0.019531
0 0.464844 0.654297 0.031250 0.031250
0 0.572266 0.078125 0.031250 0.031250
0 0.521484 0.730469 0.031250 0.031250
0 0.503906 0.230469 0.031250 0.031250
0 0.646484 0.855469 0.015625 0.015625
0 0.425781 0.742188 0.015625 0.015625
0 0.708984 0.046875 0.074219 0.074219
0 0.541016 0.943359 0.046875 0.046875
0 0.669922 0.000000 0.019531 0.019531
0 0.642578 0.115234 0.046875 0.046875
0 0.548828 0.542969 0.035156 0.035156
0 0.771484 0.041016 0.050781 0.050781
0 0.261719 0.734375 0.039062 0.039062
0 0.371094 0.431641 0.023438 0.023438
0 0.648438 0.783203 0.023438 0.023438
0 0.656250 0.552734 0.019531 0.019531
0 0.363281 0.730469 0.019531 0.019531
0 0.742188 0.392578 0.015625 0.015625
0 0.199219 0.837891 0.078125 0.078125
0 0.634766 0.046875 0.058594 0.058594
0 0.669922 0.871094 0.019531 0.019531
0 0.339844 0.246094 0.031250 0.031250
0 0.572266 0.195312 0.015625 0.015625
0 0.402344 0.568359 0.023438 0.023438
0 0.916016 0.160156 0.027344 0.027344
0 0.417969 0.228516 0.035156 0.035156
0 0.441406 0.130859 0.023438 0.023438
0 0.900391 0.283203 0.015625 0.015625
0 0.750000 0.652344 0.027344 0.027344
0 0.548828 0.023438 0.058594 0.058594
0 0.861328 0.722656 0.023438 0.023438
0 0.662109 0.265625 0.023438 0.023438
0 0.535156 0.640625 0.019531 0.019531
0 0.271484 0.318359 0.019531 0.019531
0 0.630859 0.343750 0.023438 0.023438
0 0.472656 0.121094 0.015625 0.015625
0 0.533203 0.453125 0.015625 0.015625
0 0.443359 0.796875 0.023438 0.023438
0 0.601562 0.392578 0.015625 0.015625
0 0.021484 0.826172 0.035156 0.035156
0 0.457031 0.714844 0.019531 0.019531
0 0.103516 0.705078 0.089844 0.089844
0 0.628906 0.296875 0.027344 0.027344
0 0.718750 0.521484 0.027344 0.027344
0 0.318359 0.279297 0.035156 0.035156
0 0.697266 0.572266 0.027344 0.027344
0 0.347656 0.671875 0.019531 0.019531
0 0.222656 0.615234 0.015625 0.015625
0 0.283203 0.472656 0.027344 0.027344
0 0.839844 0.703125 0.031250 0.031250
0 0.291016 0.750000 0.023438 0.023438
0 0.726562 0.886719 0.050781 0.050781
0 0.761719 0.367188 0.019531 0.019531
0 0.175781 0.517578 0.027344 0.027344
0 0.000000 0.433594 0.082031 0.082031
0 0.505859 0.429688 0.023438 0.023438
0 0.527344 0.791016 0.019531 0.019531
0 0.398438 0.490234 0.027344 0.027344
0 0.236328 0.445312 0.023438 0.023438
0 0.480469 0.517578 0.015625 0.015625
0 0.900391 0.828125 0.035156 0.035156
0 0.730469 0.810547 0.015625 0.015625
0 0.666016 0.634766 0.015625 0.015625
0 0.371094 0.519531 0.019531 0.019531
0 0.583984 0.431641 0.015625 0.015625
0 0.515625 0.673828 0.015625 0.015625
0 0.552734 0.380859 0.015625 0.015625
0 0.875000 0.431641 0.039062 0.039062
0 0.140625 0.232422 0.031250 0.031250
0 0.556641 0.109375 0.023438 0.023438
0 0.531250 0.171875 0.046875 0.046875
0 0.412109 0.429688 0.027344 0.027344
0 0.248047 0.791016 0.031250 0.031250
0 0.294922 0.298828 0.015625 0.015625
0 0.630859 0.718750 0.019531 0.019531
0 0.947266 0.486328 0.031250 0.031250
0 0.804688 0.511719 0.027344 0.027344
0 0.408203 0.263672 0.031250 0.031250
0 0.619141 0.851562 0.015625 0.015625
0 0.779297 0.386719 0.027344 0.027344
0 0.806641 0.376953 0.015625 0.015625
0 0.675781 0.650391 0.015625 0.015625
0 0.732422 0.300781 0.035156 0.035156
0 0.455078 0.623047 0.015625 0.015625
0 0.798828 0.556641 0.027344 0.027344
0 0.103516 0.273438 0.078125 0.078125
0 0.158203 0.058594 0.089844 0.089844
0 0.734375 0.335938 0.035156 0.035156
0 0.716797 0.470703 0.031250 0.031250
0 0.607422 0.541016 0.015625 0.015625
0 0.351562 0.443359 0.019531 0.019531
0 0.630859 0.638672 0.027344 0.027344
0 0.056641 0.523438 0.039062 0.039062
0 0.875000 0.210938 0.054688 0.054688
0 0.556641 0.132812 0.019531 0.019531
0 0.968750 0.462891 0.019531 0.019531
0 0.998047 0.263672 0.019531 0.019531
0 0.255859 0.000000 0.085938 0.085938
0 0.017578 0.267578 0.062500 0.062500
0 0.386719 0.019531 0.019531 0.019531
0 0.412109 0.292969 0.023438 0.023438
0 0.447266 0.906250 0.027344 0.027344
0 0.753906 0.693359 0.046875 0.046875
0 0.339844 0.365234 0.023438 0.023438
0 0.691406 0.445312 0.027344 0.027344
0 0.011719 0.566406 0.070312 0.070312
0 0.634766 0.580078 0.015625 0.015625
0 0.361328 0.566406 0.015625 0.015625
0 0.396484 0.935547 0.019531 0.019531
0 0.498047 0.082031 0.039062 0.039062
0 0.468750 0.488281 0.019531 0.019531
0 0.869141 0.650391 0.031250 0.031250
0 0.650391 0.810547 0.015625 0.015625
0 0.248047 0.945312 0.054688 0.054688
0 0.595703 0.521484 0.015625 0.015625
0 0.150391 0.396484 0.023438 0.023438
0 0.642578 0.998047 0.050781 0.050781
0 0.904297 0.464844 0.031250 0.031250
0 0.318359 0.160156 0.015625 0.015625
0 0.433594 0.722656 0.015625 0.015625
0 0.060547 0.644531 0.023438 0.023438
0 0.550781 0.699219 0.019531 0.019531
0 0.103516 0.394531 0.023438 0.023438
