0 0.369141 0.550781 0.062500 0.062500
0 0.574219 0.595703 0.046875 0.046875
0 0.406250 0.357422 0.062500 0.062500
0 0.253906 0.460938 0.054688 0.054688
0 0.605469 0.617188 0.027344 0.027344
0 0.738281 0.660156 0.058594 0.058594
0 0.472656 0.716797 0.082031 0.082031
0 0.494141 0.595703 0.089844 0.089844
0 0.343750 0.437500 0.050781 0.050781
0 0.751953 0.523438 0.019531 0.019531
0 0.427734 0.662109 0.027344 0.027344
0 0.423828 0.494141 0.046875 0.046875
0 0.771484 0.384766 0.062500 0.062500
0 0.599609 0.523438 0.089844 0.089844
0 0.128906 0.851562 0.089844 0.089844
0 0.744141 0.187500 0.093750 0.093750
0 0.734375 0.492188 0.035156 0.035156
0 0.568359 0.185547 0.070312 0.070312
0 0.529297 0.449219 0.023438 0.023438
0 0.304688 0.345703 0.042969 0.042969
0 0.154297 0.570312 0.054688 0.054688
0 0.515625 0.318359 0.085938 0.085938
0 0.660156 0.445312 0.074219 0.074219
0 0.501953 0.230469 0.074219 0.074219
0 0.681641 0.347656 0.023438 0.023438
0 0.632812 0.296875 0.062500 0.062500
0 0.449219 0.541016 0.015625 0.015625
0 0.464844 0.787109 0.019531 0.019531
0 0.435547 0.443359 0.019531 0.019531
0 0.255859 0.597656 0.093750 0.093750
0 0.388672 0.609375 0.027344 0.027344
0 0.558594 0.814453 0.054688 0.054688
0 0.480469 0.406250 0.082031 0.082031
0 0.392578 0.263672 0.089844 0.089844
0 0.201172 0.300781 0.046875 0.046875
0 0.548828 0.390625 0.023438 0.023438
0 0.591797 0.697266 0.015625 0.015625
0 0.253906 0.750000 0.031250 0.031250
0 0.140625 0.201172 0.042969 0.042969
0 0.673828 0.570312 0.046875 0.046875
0 0.335938 0.828125 0.027344 0.027344
0 0.181641 0.474609 0.031250 0.031250
0 0.498047 0.476562 0.023438 0.023438
0 0.423828 0.427734 0.015625 0.015625
0 0.642578 0.623047 0.046875 0.046875
0 0.287109 0.419922 0.019531 0.019531
0 0.572266 0.375000 0.023438 0.023438
0 0.144531 0.638672 0.066406 0.066406
0 0.593750 0.310547 0.019531 0.019531
0 0.546875 0.658203 0.062500 0.062500
0 0.833984 0.542969 0.042969 0.042969
0 0.375000 0.722656 0.058594 0.058594
0 0.187500 0.390625 0.070312 0.070312
0 0.539062 0.716797 0.035156 0.035156
0 0.304688 0.470703 0.042969 0.042969
0 0.251953 0.281250 0.035156 0.035156
0 0.332031 0.130859 0.042969 0.042969
0 0.326172 0.609375 0.015625 0.015625
0 0.689453 0.796875 0.070312 0.070312
0 0.312500 0.541016 0.019531 0.019531
0 0.984375 0.554688 0.031250 0.031250
0 0.576172 0.431641 0.035156 0.035156
0 0.142578 0.714844 0.074219 0.074219
0 0.757812 0.572266 0.031250 0.031250
0 0.115234 0.537109 0.039062 0.039062
0 0.310547 0.669922 0.085938 0.085938
0 0.154297 0.285156 0.015625 0.015625
0 0.195312 0.523438 0.023438 0.023438
0 0.710938 0.710938 0.027344 0.027344
0 0.277344 0.519531 0.058594 0.058594
0 0.511719 0.783203 0.031250 0.031250
0 0.750000 0.441406 0.023438 0.023438
0 0.353516 0.369141 0.039062 0.039062
0 0.505859 0.453125 0.019531 0.019531
0 0.322266 0.046875 0.082031 0.082031
0 0.535156 0.498047 0.023438 0.023438
0 0.460938 0.478516 0.027344 0.027344
0 0.769531 0.322266 0.015625 0.015625
0 0.357422 0.511719 0.015625 0.015625
0 0.300781 0.281250 0.062500 0.062500
0 0.726562 0.347656 0.035156 0.035156
0 0.869141 0.406250 0.019531 0.019531
0 0.601562 0.417969 0.019531 0.019531
0 0.917969 0.535156 0.019531 0.019531
0 0.361328 0.199219 0.027344 0.027344
0 0.630859 0.220703 0.046875 0.046875
0 0.484375 0.513672 0.046875 0.046875
0 0.742188 0.554688 0.015625 0.015625
0 0.800781 0.496094 0.027344 0.027344
0 0.000000 0.388672 0.085938 0.085938
0 0.503906 0.132812 0.019531 0.019531
0 0.802734 0.523438 0.015625 0.015625
0 0.904297 0.587891 0.023438 0.023438
0 0.589844 0.458984 0.019531 0.019531
0 0.699219 0.611328 0.027344 0.027344
0 0.859375 0.513672 0.019531 0.019531
0 0.041016 0.794922 0.089844 0.089844
0 0.837891 0.613281 0.078125 0.078125
0 0.371094 0.484375 0.023438 0.023438
0 0.769531 0.787109 0.050781 0.050781
0 0.925781 0.666016 0.089844 0.089844
0 0.541016 0.759766 0.031250 0.031250
0 0.238281 0.406250 0.035156 0.035156
0 0.716797 0.083984 0.078125 0.078125
0 0.326172 0.732422 0.035156 0.035156
0 0.412109 0.453125 0.023438 0.023438
0 0.457031 0.193359 0.023438 0.023438
0 0.466797 0.154297 0.054688 0.054688
0 0.210938 0.490234 0.035156 0.035156
0 0.835938 0.316406 0.089844 0.089844
0 0.318359 0.380859 0.031250 0.031250
0 0.353516 0.333984 0.015625 0.015625
0 0.583984 0.753906 0.027344 0.027344
0 0.814453 0.892578 0.054688 0.054688
0 0.634766 0.689453 0.058594 0.058594
0 0.427734 0.539062 0.019531 0.019531
0 0.570312 0.396484 0.019531 0.019531
0 0.625000 0.728516 0.019531 0.019531
0 0.314453 0.773438 0.027344 0.027344
0 0.693359 0.521484 0.035156 0.035156
0 0.621094 0.580078 0.019531 0.019531
0 0.623047 0.177734 0.039062 0.039062
0 0.773438 0.634766 0.023438 0.023438
0 0.367188 0.636719 0.019531 0.019531
0 0.548828 0.476562 0.019531 0.019531
0 0.400391 0.470703 0.015625 0.015625
0 0.060547 0.474609 0.058594 0.058594
0 0.451172 0.906250 0.031250 0.031250
0 0.503906 0.675781 0.015625 0.015625
0 0.474609 0.652344 0.019531 0.019531
0 0.710938 0.419922 0.027344 0.027344
0 0.841797 0.726562 0.082031 0.082031
0 0.960938 0.425781 0.058594 0.058594
0 0.902344 0.371094 0.062500 0.062500
0 0.171875 0.519531 0.015625 0.015625
0 0.107422 0.572266 0.015625 0.015625
0 0.679688 0.671875 0.023438 0.023438
0 0.392578 0.794922 0.046875 0.046875
0 0.390625 0.656250 0.015625 0.015625
0 0.638672 0.376953 0.046875 0.046875
0 0.109375 0.314453 0.085938 0.085938
0 0.083984 0.185547 0.035156 0.035156
0 0.541016 0.904297 0.085938 0.085938
0 0.000000 0.675781 0.031250 0.031250
0 0.339844 0.775391 0.023438 0.023438
0 0.689453 0.492188 0.019531 0.019531
0 0.410156 0.591797 0.027344 0.027344
0 0.345703 0.302734 0.023438 0.023438
0 0.910156 0.800781 0.082031 0.082031
0 0.394531 0.146484 0.070312 0.070312
0 0.097656 0.681641 0.015625 0.015625
0 0.675781 0.925781 0.039062 0.039062
0 0.078125 0.621094 0.066406 0.066406
0 0.416016 0.759766 0.035156 0.035156
0 0.683594 0.248047 0.023438 0.023438
0 0.572266 0.246094 0.039062 0.039062
0 0.505859 0.539062 0.015625 0.015625
0 0.603516 0.355469 0.019531 0.019531
0 0.660156 0.728516 0.027344 0.027344
0 0.208984 0.658203 0.054688 0.054688
0 0.611328 0.998047 0.070312 0.070312
0 0.105469 0.458984 0.031250 0.031250
0 0.998047 0.234375 0.062500 0.062500
0 0.714844 0.279297 0.058594 0.058594
0 0.705078 0.015625 0.023438 0.023438
0 0.263672 0.181641 0.078125 0.078125
0 0.380859 0.425781 0.015625 0.015625
0 0.839844 0.810547 0.027344 0.027344
0 0.251953 0.914062 0.062500 0.062500
0 0.718750 0.998047 0.082031 0.082031
0 0.568359 0.117188 0.050781 0.050781
0 0.527344 0.371094 0.019531 0.019531
0 0.275391 0.822266 0.070312 0.070312
0 0.416016 0.000000 0.050781 0.050781
0 0.195312 0.234375 0.054688 0.054688
0 0.230469 0.808594 0.019531 0.019531
0 0.457031 0.849609 0.082031 0.082031
0 0.738281 0.595703 0.027344 0.027344
0 0.781250 0.460938 0.023438 0.023438
0 0.355469 0.906250 0.054688 0.054688
0 0.398438 0.671875 0.015625 0.015625
0 0.906250 0.427734 0.015625 0.015625
0 0.000000 0.861328 0.062500 0.062500
0 0.511719 0.826172 0.035156 0.035156
0 0.587891 0.283203 0.023438 0.023438
0 0.630859 0.861328 0.031250 0.031250
0 0.136719 0.250000 0.039062 0.039062
0 0.751953 0.882812 0.058594 0.058594
0 0.998047 0.335938 0.085938 0.085938
0 0.406250 0.904297 0.039062 0.039062
0 0.519531 0.998047 0.050781 0.050781
0 0.427734 0.064453 0.066406 0.066406
0 0.230469 0.865234 0.027344 0.027344
0 0.316406 0.230469 0.042969 0.042969
0 0.267578 0.345703 0.015625 0.015625
0 0.742188 0.464844 0.015625 0.015625
0 0.597656 0.382812 0.023438 0.023438
0 0.683594 0.869141 0.062500 0.062500
0 0.773438 0.265625 0.054688 0.054688
0 0.878906 0.521484 0.019531 0.019531
0 0.460938 0.277344 0.046875 0.046875
0 0.216797 0.437500 0.027344 0.027344
0 0.322266 0.589844 0.015625 0.015625
0 0.583984 0.679688 0.019531 0.019531
0 0.769531 0.080078 0.015625 0.015625
0 0.652344 0.148438 0.042969 0.042969
0 0.224609 0.785156 0.019531 0.019531
0 0.677734 0.705078 0.023438 0.023438
0 0.433594 0.560547 0.015625 0.015625
0 0.341797 0.621094 0.023438 0.023438
0 0.605469 0.017578 0.039062 0.039062
0 0.654297 0.537109 0.015625 0.015625
0 0.087891 0.410156 0.027344 0.027344
0 0.679688 0.179688 0.035156 0.035156
0 0.998047 0.609375 0.039062 0.039062
0 0.820312 0.052734 0.085938 0.085938
0 0.492188 0.001953 0.058594 0.058594
0 0.833984 0.470703 0.046875 0.046875
0 0.878906 0.556641 0.031250 0.031250
0 0.773438 0.607422 0.019531 0.019531
0 0.708984 0.460938 0.027344 0.027344
0 0.566406 0.283203 0.019531 0.019531
0 0.384766 0.505859 0.015625 0.015625
0 0.917969 0.208984 0.023438 0.023438
0 0.839844 0.998047 0.042969 0.042969
0 0.017578 0.451172 0.039062 0.039062
0 0.402344 0.408203 0.039062 0.039062
0 0.867188 0.255859 0.039062 0.039062
0 0.566406 0.304688 0.015625 0.015625
0 0.921875 0.138672 0.082031 0.082031
0 0.330078 0.511719 0.015625 0.015625
0 0.398438 0.835938 0.035156 0.035156
0 0.693359 0.734375 0.015625 0.015625
0 0.816406 0.134766 0.027344 0.027344
0 0.607422 0.654297 0.023438 0.023438
0 0.630859 0.820312 0.023438 0.023438
0 0.589844 0.726562 0.015625 0.015625
0 0.144531 0.494141 0.042969 0.042969
0 0.619141 0.058594 0.027344 0.027344
0 0.390625 0.484375 0.015625 0.015625
0 0.246094 0.656250 0.015625 0.015625
0 0.730469 0.769531 0.019531 0.019531
0 0.802734 0.566406 0.019531 0.019531
0 0.537109 0.558594 0.015625 0.015625
0 0.177734 0.765625 0.042969 0.042969
0 0.570312 0.343750 0.031250 0.031250
0 0.000000 0.623047 0.015625 0.015625
0 0.447266 0.236328 0.031250 0.031250
0 0.996094 0.156250 0.031250 0.031250
0 0.408203 0.316406 0.019531 0.019531
0 0.541016 0.523438 0.019531 0.019531
0 0.798828 0.679688 0.042969 0.042969
0 0.423828 0.978516 0.062500 0.062500
0 0.783203 0.718750 0.027344 0.027344
0 0.521484 0.472656 0.019531 0.019531
0 0.240234 0.511719 0.015625 0.015625
0 0.835938 0.205078 0.019531 0.019531
0 0.287109 0.867188 0.015625 0.015625
0 0.173828 0.332031 0.035156 0.035156
0 0.654297 0.494141 0.015625 0.015625
0 0.773438 0.494141 0.027344 0.027344
0 0.658203 0.248047 0.027344 0.027344
0 0.835938 0.664062 0.015625 0.015625
0 0.154297 0.449219 0.039062 0.039062
0 0.335938 0.855469 0.019531 0.019531
0 0.410156 0.693359 0.023438 0.023438
0 0.449219 0.322266 0.023438 0.023438
0 0.279297 0.779297 0.015625 0.015625
0 0.714844 0.546875 0.023438 0.023438
0 0.843750 0.394531 0.019531 0.019531
0 0.322266 0.183594 0.015625 0.015625
0 0.253906 0.693359 0.019531 0.019531
0 0.669922 0.644531 0.015625 0.015625
0 0.433594 0.585938 0.019531 0.019531
0 0.783203 0.556641 0.019531 0.019531
0 0.091797 0.580078 0.015625 0.015625
0 0.328125 0.402344 0.015625 0.015625
0 0.449219 0.671875 0.015625 0.015625
0 0.369141 0.402344 0.023438 0.023438
0 0.148438 0.103516 0.093750 0.093750
0 0.429688 0.310547 0.015625 0.015625
0 0.230469 0.000000 0.058594 0.058594
0 0.597656 0.896484 0.027344 0.027344
0 0.496094 0.656250 0.023438 0.023438
0 0.519531 0.855469 0.019531 0.019531
0 0.437500 0.791016 0.019531 0.019531
0 0.191406 0.724609 0.015625 0.015625
0 0.234375 0.130859 0.015625 0.015625
0 0.457031 0.355469 0.027344 0.027344
0 0.234375 0.345703 0.039062 0.039062
0 0.445312 0.621094 0.015625 0.015625
0 0.720703 0.941406 0.015625 0.015625
0 0.255859 0.236328 0.027344 0.027344
0 0.382812 0.462891 0.015625 0.015625
0 0.884766 0.580078 0.015625 0.015625
0 0.373047 0.832031 0.015625 0.015625
0 0.669922 0.273438 0.023438 0.023438
0 0.111328 0.500000 0.015625 0.015625
0 0.609375 0.441406 0.027344 0.027344
0 0.173828 0.802734 0.019531 0.019531
0 0.091797 0.558594 0.019531 0.019531
0 0.169922 0.005859 0.015625 0.015625
0 0.054688 0.707031 0.042969 0.042969
0 0.632812 0.945312 0.042969 0.042969
0 0.832031 0.242188 0.019531 0.019531
0 0.777344 0.525391 0.027344 0.027344
0 0.759766 0.300781 0.015625 0.015625
0 0.455078 0.650391 0.015625 0.015625
0 0.412109 0.628906 0.027344 0.027344
0 0.875000 0.859375 0.050781 0.050781
0 0.585938 0.855469 0.035156 0.035156
0 0.197266 0.986328 0.039062 0.039062
0 0.638672 0.343750 0.019531 0.019531
0 0.802734 0.839844 0.031250 0.031250
0 0.509766 0.074219 0.050781 0.050781
0 0.453125 0.511719 0.015625 0.015625
0 0.634766 0.775391 0.031250 0.031250
0 0.367188 0.658203 0.019531 0.019531
0 0.548828 0.958984 0.015625 0.015625
0 0.730469 0.398438 0.019531 0.019531
0 0.429688 0.189453 0.023438 0.023438
0 0.566406 0.703125 0.023438 0.023438
0 0.388672 0.320312 0.019531 0.019531
0 0.998047 0.998047 0.039062 0.039062
0 0.250000 0.673828 0.015625 0.015625
0 0.207031 0.707031 0.019531 0.019531
0 0.441406 0.527344 0.015625 0.015625
0 0.685547 0.316406 0.019531 0.019531
0 0.523438 0.689453 0.015625 0.015625
0 0.177734 0.037109 0.039062 0.039062
0 0.734375 0.730469 0.031250 0.031250
0 0.994141 0.648438 0.023438 0.023438
0 0.931641 0.896484 0.046875 0.046875
0 0.746094 0.324219 0.015625 0.015625
0 0.998047 0.886719 0.039062 0.039062
0 0.000000 0.509766 0.062500 0.062500
0 0.060547 0.906250 0.062500 0.062500
0 0.509766 0.181641 0.015625 0.015625
0 0.998047 0.800781 0.078125 0.078125
0 0.826172 0.398438 0.015625 0.015625
0 0.544922 0.576172 0.015625 0.015625
0 0.314453 0.505859 0.015625 0.015625
0 0.935547 0.308594 0.019531 0.019531
0 0.261719 0.308594 0.019531 0.019531
0 0.291016 0.738281 0.035156 0.035156
0 0.099609 0.128906 0.015625 0.015625
0 0.681641 0.398438 0.019531 0.019531
0 0.353516 0.794922 0.019531 0.019531
0 0.554688 0.000000 0.066406 0.066406
0 0.296875 0.398438 0.019531 0.019531
0 0.601562 0.783203 0.019531 0.019531
0 0.357422 0.601562 0.015625 0.015625
0 0.285156 0.439453 0.015625 0.015625
0 0.513672 0.746094 0.015625 0.015625
0 0.707031 0.386719 0.023438 0.023438
0 0.312500 0.564453 0.019531 0.019531
