0 0.294922 0.578125 0.085938 0.085938
0 0.666016 0.544922 0.031250 0.031250
0 0.482422 0.294922 0.046875 0.046875
0 0.343750 0.988281 0.070312 0.070312
0 0.417969 0.578125 0.035156 0.035156
0 0.449219 0.462891 0.046875 0.046875
0 0.464844 0.380859 0.019531 0.019531
0 0.617188 0.351562 0.058594 0.058594
0 0.738281 0.466797 0.062500 0.062500
0 0.126953 0.648438 0.062500 0.062500
0 0.548828 0.636719 0.054688 0.054688
0 0.531250 0.478516 0.093750 0.093750
0 0.621094 0.664062 0.054688 0.054688
0 0.492188 0.382812 0.035156 0.035156
0 0.287109 0.646484 0.031250 0.031250
0 0.427734 0.207031 0.031250 0.031250
0 0.742188 0.308594 0.042969 0.042969
0 0.585938 0.746094 0.070312 0.070312
0 0.611328 0.828125 0.066406 0.066406
0 0.431641 0.369141 0.019531 0.019531
0 0.970703 0.154297 0.054688 0.054688
0 0.371094 0.453125 0.078125 0.078125
0 0.308594 0.320312 0.093750 0.093750
0 0.554688 0.345703 0.019531 0.019531
0 0.365234 0.646484 0.027344 0.027344
0 0.636719 0.943359 0.019531 0.019531
0 0.458984 0.640625 0.046875 0.046875
0 0.814453 0.533203 0.031250 0.031250
0 0.380859 0.162109 0.027344 0.027344
0 0.232422 0.470703 0.015625 0.015625
0 0.500000 0.580078 0.089844 0.089844
0 0.728516 0.203125 0.089844 0.089844
0 0.527344 0.224609 0.066406 0.066406
0 0.085938 0.105469 0.015625 0.015625
0 0.185547 0.128906 0.054688 0.054688
0 0.671875 0.384766 0.062500 0.062500
0 0.625000 0.527344 0.039062 0.039062
0 0.476562 0.429688 0.015625 0.015625
0 0.718750 0.574219 0.066406 0.066406
0 0.367188 0.263672 0.066406 0.066406
0 0.378906 0.513672 0.023438 0.023438
0 0.173828 0.449219 0.015625 0.015625
0 0.828125 0.593750 0.035156 0.035156
0 0.009766 0.384766 0.066406 0.066406
0 0.566406 0.578125 0.019531 0.019531
0 0.783203 0.347656 0.046875 0.046875
0 0.613281 0.447266 0.031250 0.031250
0 0.775391 0.396484 0.023438 0.023438
0 0.896484 0.650391 0.062500 0.062500
0 0.628906 0.589844 0.078125 0.078125
0 0.345703 0.902344 0.023438 0.023438
0 0.351562 0.835938 0.015625 0.015625
0 0.597656 0.242188 0.058594 0.058594
0 0.296875 0.449219 0.031250 0.031250
0 0.525391 0.402344 0.031250 0.031250
0 0.158203 0.603516 0.042969 0.042969
0 0.251953 0.849609 0.015625 0.015625
0 0.667969 0.476562 0.070312 0.070312
0 0.308594 0.738281 0.046875 0.046875
0 0.722656 0.513672 0.035156 0.035156
0 0.281250 0.400391 0.058594 0.058594
0 0.671875 0.806641 0.015625 0.015625
0 0.697266 0.666016 0.054688 0.054688
0 0.386719 0.693359 0.050781 0.050781
0 0.578125 0.177734 0.031250 0.031250
0 0.144531 0.367188 0.093750 0.093750
0 0.371094 0.335938 0.027344 0.027344
0 0.722656 0.019531 0.027344 0.027344
0 0.335938 0.226562 0.015625 0.015625
0 0.216797 0.283203 0.089844 0.089844
0 0.505859 0.673828 0.031250 0.031250
0 0.587891 0.447266 0.019531 0.019531
0 0.580078 0.552734 0.031250 0.031250
0 0.423828 0.660156 0.023438 0.023438
0 0.527344 0.845703 0.062500 0.062500
0 0.636719 0.171875 0.031250 0.031250
0 0.875000 0.302734 0.062500 0.062500
0 0.660156 0.339844 0.015625 0.015625
0 0.242188 0.033203 0.093750 0.093750
0 0.214844 0.658203 0.066406 0.066406
0 0.753906 0.408203 0.023438 0.023438
0 0.425781 0.083984 0.066406 0.066406
0 0.359375 0.587891 0.015625 0.015625
0 0.316406 0.529297 0.015625 0.015625
0 0.234375 0.486328 0.015625 0.015625
0 0.275391 0.824219 0.046875 0.046875
0 0.429688 0.490234 0.015625 0.015625
0 0.339844 0.802734 0.015625 0.015625
0 0.626953 0.412109 0.019531 0.019531
0 0.576172 0.416016 0.039062 0.039062
0 0.386719 0.781250 0.023438 0.023438
0 0.287109 0.478516 0.019531 0.019531
0 0.703125 0.322266 0.027344 0.027344
0 0.060547 0.587891 0.035156 0.035156
0 0.089844 0.441406 0.078125 0.078125
0 0.759766 0.865234 0.035156 0.035156
0 0.433594 0.300781 0.015625 0.015625
0 0.367188 0.755859 0.031250 0.031250
0 0.451172 0.521484 0.015625 0.015625
0 0.796875 0.496094 0.042969 0.042969
0 0.968750 0.406250 0.082031 0.082031
0 0.781250 0.607422 0.031250 0.031250
0 0.484375 0.763672 0.050781 0.050781
0 0.642578 0.771484 0.031250 0.031250
0 0.666016 0.242188 0.042969 0.042969
0 0.423828 0.875000 0.062500 0.062500
0 0.250000 0.335938 0.015625 0.015625
0 0.144531 0.527344 0.027344 0.027344
0 0.826172 0.822266 0.078125 0.078125
0 0.685547 0.720703 0.054688 0.054688
0 0.199219 0.892578 0.070312 0.070312
0 0.771484 0.101562 0.085938 0.085938
0 0.423828 0.425781 0.019531 0.019531
0 0.781250 0.787109 0.027344 0.027344
0 0.052734 0.998047 0.039062 0.039062
0 0.470703 0.410156 0.015625 0.015625
0 0.345703 0.505859 0.015625 0.015625
0 0.431641 0.523438 0.019531 0.019531
0 0.722656 0.994141 0.050781 0.050781
0 0.134766 0.210938 0.027344 0.027344
0 0.576172 0.343750 0.015625 0.015625
0 0.324219 0.632812 0.031250 0.031250
0 0.734375 0.658203 0.019531 0.019531
0 0.197266 0.539062 0.031250 0.031250
0 0.484375 0.695312 0.015625 0.015625
0 0.775391 0.542969 0.042969 0.042969
0 0.466797 0.248047 0.031250 0.031250
0 0.367188 0.306641 0.015625 0.015625
0 0.845703 0.388672 0.046875 0.046875
0 0.998047 0.652344 0.050781 0.050781
0 0.666016 0.156250 0.023438 0.023438
0 0.656250 0.021484 0.089844 0.089844
0 0.261719 0.205078 0.050781 0.050781
0 0.570312 0.279297 0.023438 0.023438
0 0.269531 0.109375 0.019531 0.019531
0 0.453125 0.822266 0.015625 0.015625
0 0.589844 0.886719 0.019531 0.019531
0 0.470703 0.191406 0.019531 0.019531
0 0.681641 0.615234 0.027344 0.027344
0 0.755859 0.511719 0.027344 0.027344
0 0.005859 0.636719 0.058594 0.058594
0 0.662109 0.298828 0.039062 0.039062
0 0.398438 0.410156 0.023438 0.023438
0 0.898438 0.427734 0.035156 0.035156
0 0.812500 0.958984 0.078125 0.078125
0 0.542969 0.269531 0.027344 0.027344
0 0.322266 0.091797 0.027344 0.027344
0 0.216797 0.789062 0.078125 0.078125
0 0.816406 0.308594 0.031250 0.031250
0 0.792969 0.642578 0.035156 0.035156
0 0.398438 0.371094 0.042969 0.042969
0 0.437500 0.611328 0.019531 0.019531
0 0.228516 0.591797 0.023438 0.023438
0 0.042969 0.509766 0.066406 0.066406
0 0.380859 0.587891 0.027344 0.027344
0 0.865234 0.234375 0.027344 0.027344
0 0.441406 0.791016 0.019531 0.019531
0 0.736328 0.363281 0.015625 0.015625
0 0.447266 0.410156 0.019531 0.019531
0 0.402344 0.650391 0.019531 0.019531
0 0.568359 0.375000 0.027344 0.027344
0 0.423828 0.244141 0.039062 0.039062
0 0.609375 0.156250 0.023438 0.023438
0 0.537109 0.730469 0.027344 0.027344
0 0.695312 0.888672 0.078125 0.078125
0 0.302734 0.695312 0.039062 0.039062
0 0.216797 0.394531 0.031250 0.031250
0 0.306641 0.000000 0.050781 0.050781
0 0.453125 0.277344 0.015625 0.015625
0 0.728516 0.726562 0.019531 0.019531
0 0.298828 0.255859 0.027344 0.027344
0 0.523438 0.279297 0.015625 0.015625
0 0.566406 0.062500 0.089844 0.089844
0 0.814453 0.701172 0.031250 0.031250
0 0.347656 0.195312 0.015625 0.015625
0 0.554688 0.394531 0.019531 0.019531
0 0.591797 0.476562 0.019531 0.019531
0 0.261719 0.527344 0.035156 0.035156
0 0.638672 0.119141 0.039062 0.039062
0 0.318359 0.500000 0.015625 0.015625
0 0.408203 0.507812 0.027344 0.027344
0 0.462891 0.169922 0.019531 0.019531
0 0.359375 0.607422 0.023438 0.023438
0 0.357422 0.558594 0.027344 0.027344
0 0.804688 0.257812 0.054688 0.054688
0 0.580078 0.958984 0.023438 0.023438
0 0.400391 0.744141 0.023438 0.023438
0 0.410156 0.619141 0.027344 0.027344
0 0.744141 0.818359 0.023438 0.023438
0 0.615234 0.277344 0.019531 0.019531
0 0.564453 0.828125 0.015625 0.015625
0 0.503906 0.900391 0.019531 0.019531
0 0.167969 0.185547 0.050781 0.050781
0 0.406250 0.191406 0.015625 0.015625
0 0.845703 0.347656 0.035156 0.035156
0 0.914062 0.492188 0.031250 0.031250
0 0.578125 0.310547 0.019531 0.019531
0 0.757812 0.701172 0.019531 0.019531
0 0.392578 0.832031 0.027344 0.027344
0 0.449219 0.544922 0.023438 0.023438
0 0.339844 0.679688 0.035156 0.035156
0 0.437500 0.335938 0.015625 0.015625
0 0.519531 0.138672 0.082031 0.082031
0 0.146484 0.062500 0.035156 0.035156
0 0.548828 0.683594 0.031250 0.031250
0 0.105469 0.736328 0.058594 0.058594
0 0.595703 0.634766 0.019531 0.019531
0 0.535156 0.312500 0.027344 0.027344
0 0.603516 0.494141 0.015625 0.015625
0 0.527344 0.363281 0.035156 0.035156
0 0.546875 0.775391 0.023438 0.023438
0 0.240234 0.158203 0.050781 0.050781
0 0.638672 0.796875 0.015625 0.015625
0 0.609375 0.388672 0.015625 0.015625
0 0.261719 0.486328 0.031250 0.031250
0 0.394531 0.978516 0.015625 0.015625
0 0.611328 0.945312 0.019531 0.019531
0 0.390625 0.541016 0.031250 0.031250
0 0.339844 0.390625 0.046875 0.046875
0 0.701172 0.285156 0.039062 0.039062
0 0.535156 0.423828 0.015625 0.015625
0 0.712891 0.423828 0.031250 0.031250
0 0.890625 0.589844 0.019531 0.019531
0 0.740234 0.750000 0.019531 0.019531
0 0.847656 0.166016 0.023438 0.023438
0 0.287109 0.234375 0.015625 0.015625
0 0.201172 0.496094 0.042969 0.042969
0 0.394531 0.925781 0.042969 0.042969
0 0.486328 0.335938 0.031250 0.031250
0 0.304688 0.220703 0.023438 0.023438
0 0.498047 0.015625 0.035156 0.035156
0 0.804688 0.433594 0.050781 0.050781
0 0.757812 0.271484 0.035156 0.035156
0 0.472656 0.707031 0.015625 0.015625
0 0.601562 0.296875 0.015625 0.015625
0 0.453125 0.742188 0.023438 0.023438
0 0.068359 0.878906 0.074219 0.074219
0 0.380859 0.201172 0.015625 0.015625
0 0.759766 0.650391 0.027344 0.027344
0 0.212891 0.457031 0.015625 0.015625
0 0.330078 0.710938 0.019531 0.019531
0 0.419922 0.318359 0.023438 0.023438
0 0.625000 0.998047 0.039062 0.039062
0 0.234375 0.572266 0.015625 0.015625
0 0.136719 0.556641 0.019531 0.019531
0 0.056641 0.406250 0.015625 0.015625
0 0.621094 0.472656 0.015625 0.015625
0 0.150391 0.279297 0.023438 0.023438
0 0.822266 0.001953 0.066406 0.066406
0 0.318359 0.478516 0.015625 0.015625
0 0.482422 0.445312 0.015625 0.015625
0 0.916016 0.322266 0.027344 0.027344
0 0.687500 0.132812 0.027344 0.027344
0 0.849609 0.539062 0.023438 0.023438
0 0.427734 0.695312 0.027344 0.027344
0 0.498047 0.421875 0.019531 0.019531
0 0.824219 0.484375 0.015625 0.015625
0 0.720703 0.378906 0.023438 0.023438
0 0.712891 0.767578 0.027344 0.027344
0 0.074219 0.339844 0.015625 0.015625
0 0.224609 0.839844 0.015625 0.015625
0 0.417969 0.542969 0.019531 0.019531
0 0.105469 0.292969 0.062500 0.062500
0 0.406250 0.000000 0.058594 0.058594
0 0.166016 0.484375 0.027344 0.027344
0 0.664062 0.644531 0.023438 0.023438
0 0.771484 0.437500 0.015625 0.015625
0 0.251953 0.451172 0.039062 0.039062
0 0.207031 0.712891 0.039062 0.039062
0 0.675781 0.339844 0.015625 0.015625
0 0.486328 0.992188 0.093750 0.093750
0 0.103516 0.498047 0.019531 0.019531
0 0.000000 0.255859 0.046875 0.046875
0 0.361328 0.869141 0.031250 0.031250
0 0.320312 0.792969 0.015625 0.015625
0 0.783203 0.697266 0.023438 0.023438
0 0.978516 0.845703 0.046875 0.046875
0 0.560547 0.925781 0.039062 0.039062
0 0.951172 0.558594 0.085938 0.085938
0 0.453125 0.353516 0.019531 0.019531
0 0.925781 0.279297 0.023438 0.023438
0 0.691406 0.777344 0.019531 0.019531
0 0.748047 0.923828 0.023438 0.023438
0 0.925781 0.242188 0.035156 0.035156
0 0.998047 0.482422 0.039062 0.039062
0 0.417969 0.126953 0.015625 0.015625
0 0.953125 0.312500 0.015625 0.015625
0 0.134766 0.132812 0.019531 0.019531
0 0.804688 0.746094 0.050781 0.050781
0 0.978516 0.283203 0.023438 0.023438
0 0.578125 0.687500 0.015625 0.015625
0 0.351562 0.529297 0.023438 0.023438
0 0.947266 0.730469 0.093750 0.093750
0 0.837891 0.458984 0.027344 0.027344
0 0.152344 0.998047 0.070312 0.070312
0 0.876953 0.498047 0.019531 0.019531
0 0.886719 0.810547 0.023438 0.023438
0 0.486328 0.804688 0.023438 0.023438
0 0.369141 0.082031 0.042969 0.042969
0 0.232422 0.738281 0.027344 0.027344
0 0.792969 0.205078 0.035156 0.035156
0 0.998047 0.611328 0.031250 0.031250
0 0.867188 0.443359 0.023438 0.023438
0 0.681641 0.523438 0.015625 0.015625
0 0.074219 0.207031 0.089844 0.089844
0 0.470703 0.509766 0.027344 0.027344
0 0.134766 0.460938 0.015625 0.015625
0 0.447266 0.496094 0.015625 0.015625
0 0.189453 0.625000 0.015625 0.015625
0 0.263672 0.992188 0.035156 0.035156
0 0.115234 0.529297 0.027344 0.027344
0 0.533203 0.539062 0.015625 0.015625
0 0.396484 0.312500 0.023438 0.023438
0 0.226562 0.951172 0.039062 0.039062
0 0.488281 0.728516 0.019531 0.019531
0 0.886719 0.349609 0.019531 0.019531
0 0.380859 0.130859 0.031250 0.031250
0 0.867188 0.742188 0.050781 0.050781
0 0.212891 0.363281 0.015625 0.015625
0 0.910156 0.382812 0.015625 0.015625
0 0.324219 0.207031 0.019531 0.019531
0 0.125000 0.082031 0.015625 0.015625
0 0.447266 0.707031 0.015625 0.015625
0 0.322266 0.873047 0.027344 0.027344
0 0.195312 0.587891 0.015625 0.015625
0 0.326172 0.433594 0.015625 0.015625
0 0.279297 0.873047 0.027344 0.027344
0 0.000000 0.558594 0.035156 0.035156
0 0.550781 0.550781 0.015625 0.015625
0 0.552734 0.599609 0.015625 0.015625
0 0.150391 0.453125 0.015625 0.015625
0 0.574219 0.515625 0.015625 0.015625
0 0.929688 0.197266 0.035156 0.035156
0 0.605469 0.179688 0.015625 0.015625
0 0.605469 0.404297 0.015625 0.015625
0 0.128906 0.255859 0.019531 0.019531
0 0.375000 0.398438 0.015625 0.015625
0 0.056641 0.060547 0.015625 0.015625
0 0.312500 0.177734 0.035156 0.035156
0 0.636719 0.712891 0.042969 0.042969
0 0.554688 0.298828 0.019531 0.019531
0 0.171875 0.529297 0.019531 0.019531
0 0.494141 0.650391 0.019531 0.019531
0 0.474609 0.046875 0.015625 0.015625
0 0.673828 0.191406 0.015625 0.015625
0 0.849609 0.503906 0.015625 0.015625
0 0.000000 0.126953 0.046875 0.046875
0 0.460938 0.324219 0.015625 0.015625
0 0.226562 0.527344 0.023438 0.023438
0 0.453125 0.126953 0.023438 0.023438
0 0.042969 0.726562 0.054688 0.054688
0 0.234375 0.347656 0.015625 0.015625
0 0.273438 0.242188 0.015625 0.015625
0 0.146484 0.425781 0.023438 0.023438
0 0.410156 0.722656 0.023438 0.023438
0 0.308594 0.845703 0.023438 0.023438
0 0.875000 0.529297 0.027344 0.027344
0 0.738281 0.619141 0.023438 0.023438
0 0.818359 0.345703 0.019531 0.019531
0 0.775391 0.005859 0.015625 0.015625
0 0.310547 0.134766 0.046875 0.046875
0 0.304688 0.912109 0.019531 0.019531
0 0.105469 0.140625 0.023438 0.023438
0 0.091797 0.349609 0.015625 0.015625
0 0.705078 0.841797 0.015625 0.015625
0 0.380859 0.728516 0.015625 0.015625
0 0.736328 0.705078 0.015625 0.015625
0 0.597656 0.312500 0.015625 0.015625
0 0.808594 0.566406 0.019531 0.019531
0 0.269531 0.750000 0.031250 0.031250
0 0.423828 0.744141 0.019531 0.019531
0 0.164062 0.021484 0.042969 0.042969
0 0.585938 0.615234 0.015625 0.015625
0 0.376953 0.617188 0.015625 0.015625
0 0.498047 0.261719 0.015625 0.015625
0 0.429688 0.396484 0.019531 0.019531
0 0.662109 0.789062 0.015625 0.015625
0 0.638672 0.320312 0.015625 0.015625
0 0.634766 0.433594 0.015625 0.015625
0 0.189453 0.228516 0.019531 0.019531
0 0.250000 0.376953 0.015625 0.015625
0 0.572266 0.869141 0.019531 0.019531
0 0.861328 0.574219 0.035156 0.035156
0 0.677734 0.964844 0.027344 0.027344
0 0.677734 0.835938 0.023438 0.023438
0 0.398438 0.216797 0.015625 0.015625
0 0.359375 0.732422 0.015625 0.015625
0 0.416016 0.289062 0.023438 0.023438
0 0.406250 0.802734 0.019531 0.019531
0 0.492188 0.191406 0.023438 0.023438
0 0.220703 0.203125 0.031250 0.031250
0 0.343750 0.724609 0.015625 0.015625
0 0.130859 0.490234 0.031250 0.031250
