0 0.531250 0.515625 0.070312 0.070312
0 0.845703 0.341797 0.042969 0.042969
0 0.398438 0.646484 0.093750 0.093750
0 0.333984 0.314453 0.035156 0.035156
0 0.402344 0.771484 0.066406 0.066406
0 0.443359 0.365234 0.031250 0.031250
0 0.511719 0.435547 0.035156 0.035156
0 0.476562 0.068359 0.062500 0.062500
0 0.423828 0.460938 0.054688 0.054688
0 0.287109 0.583984 0.078125 0.078125
0 0.767578 0.718750 0.066406 0.066406
0 0.673828 0.597656 0.023438 0.023438
0 0.695312 0.521484 0.082031 0.082031
0 0.261719 0.322266 0.027344 0.027344
0 0.701172 0.306641 0.054688 0.054688
0 0.173828 0.326172 0.054688 0.054688
0 0.587891 0.353516 0.074219 0.074219
0 0.275391 0.492188 0.070312 0.070312
0 0.318359 0.736328 0.015625 0.015625
0 0.412109 0.353516 0.023438 0.023438
0 0.501953 0.306641 0.074219 0.074219
0 0.605469 0.515625 0.066406 0.066406
0 0.630859 0.777344 0.078125 0.078125
0 0.509766 0.701172 0.062500 0.062500
0 0.513672 0.753906 0.039062 0.039062
0 0.156250 0.552734 0.023438 0.023438
0 0.591797 0.250000 0.089844 0.089844
0 0.531250 0.619141 0.023438 0.023438
0 0.423828 0.310547 0.046875 0.046875
0 0.388672 0.535156 0.015625 0.015625
0 0.248047 0.632812 0.019531 0.019531
0 0.453125 0.400391 0.027344 0.027344
0 0.498047 0.380859 0.066406 0.066406
0 0.568359 0.861328 0.019531 0.019531
0 0.638672 0.568359 0.035156 0.035156
0 0.765625 0.957031 0.078125 0.078125
0 0.423828 0.175781 0.015625 0.015625
0 0.470703 0.445312 0.042969 0.042969
0 0.507812 0.617188 0.023438 0.023438
0 0.281250 0.949219 0.031250 0.031250
0 0.501953 0.572266 0.027344 0.027344
0 0.707031 0.646484 0.089844 0.089844
0 0.978516 0.480469 0.058594 0.058594
0 0.792969 0.484375 0.078125 0.078125
0 0.228516 0.408203 0.015625 0.015625
0 0.593750 0.574219 0.039062 0.039062
0 0.234375 0.794922 0.089844 0.089844
0 0.603516 0.089844 0.078125 0.078125
0 0.324219 0.660156 0.046875 0.046875
0 0.597656 0.658203 0.066406 0.066406
0 0.824219 0.275391 0.015625 0.015625
0 0.466797 0.222656 0.089844 0.089844
0 0.447266 0.697266 0.042969 0.042969
0 0.412109 0.013672 0.015625 0.015625
0 0.462891 0.568359 0.039062 0.039062
0 0.980469 0.738281 0.042969 0.042969
0 0.384766 0.248047 0.023438 0.023438
0 0.482422 0.605469 0.023438 0.023438
0 0.462891 0.488281 0.027344 0.027344
0 0.205078 0.515625 0.015625 0.015625
0 0.714844 0.078125 0.082031 0.082031
0 0.103516 0.597656 0.042969 0.042969
0 0.593750 0.416016 0.027344 0.027344
0 0.658203 0.179688 0.093750 0.093750
0 0.486328 0.738281 0.019531 0.019531
0 0.632812 0.400391 0.019531 0.019531
0 0.640625 0.447266 0.042969 0.042969
0 0.705078 0.419922 0.046875 0.046875
0 0.732422 0.376953 0.050781 0.050781
0 0.257812 0.537109 0.019531 0.019531
0 0.201172 0.435547 0.046875 0.046875
0 0.802734 0.572266 0.074219 0.074219
0 0.373047 0.562500 0.027344 0.027344
0 0.099609 0.281250 0.074219 0.074219
0 0.666016 0.570312 0.019531 0.019531
0 0.353516 0.964844 0.039062 0.039062
0 0.089844 0.525391 0.050781 0.050781
0 0.888672 0.666016 0.050781 0.050781
0 0.000000 0.535156 0.058594 0.058594
0 0.824219 0.396484 0.066406 0.066406
0 0.343750 0.259766 0.031250 0.031250
0 0.322266 0.443359 0.046875 0.046875
0 0.744141 0.781250 0.042969 0.042969
0 0.732422 0.240234 0.054688 0.054688
0 0.865234 0.531250 0.039062 0.039062
0 0.365234 0.435547 0.039062 0.039062
0 0.337891 0.568359 0.027344 0.027344
0 0.199219 0.572266 0.042969 0.042969
0 0.339844 0.773438 0.031250 0.031250
0 0.287109 0.759766 0.023438 0.023438
0 0.687500 0.460938 0.023438 0.023438
0 0.423828 0.517578 0.023438 0.023438
0 0.892578 0.281250 0.054688 0.054688
0 0.359375 0.392578 0.046875 0.046875
0 0.238281 0.339844 0.015625 0.015625
0 0.351562 0.865234 0.046875 0.046875
0 0.099609 0.451172 0.093750 0.093750
0 0.263672 0.433594 0.031250 0.031250
0 0.332031 0.488281 0.027344 0.027344
0 0.302734 0.367188 0.058594 0.058594
0 0.000000 0.458984 0.023438 0.023438
0 0.533203 0.207031 0.035156 0.035156
0 0.822266 0.525391 0.019531 0.019531
0 0.246094 0.226562 0.062500 0.062500
0 0.480469 0.673828 0.015625 0.015625
0 0.285156 0.716797 0.058594 0.058594
0 0.644531 0.310547 0.046875 0.046875
0 0.349609 0.728516 0.046875 0.046875
0 0.769531 0.365234 0.023438 0.023438
0 0.716797 0.580078 0.035156 0.035156
0 0.367188 0.515625 0.039062 0.039062
0 0.457031 0.601562 0.023438 0.023438
0 0.095703 0.714844 0.027344 0.027344
0 0.691406 0.363281 0.031250 0.031250
0 0.382812 0.138672 0.027344 0.027344
0 0.966797 0.642578 0.054688 0.054688
0 0.244141 0.695312 0.015625 0.015625
0 0.419922 0.388672 0.015625 0.015625
0 0.673828 0.337891 0.019531 0.019531
0 0.759766 0.441406 0.015625 0.015625
0 0.791016 0.636719 0.046875 0.046875
0 0.160156 0.609375 0.062500 0.062500
0 0.902344 0.386719 0.082031 0.082031
0 0.585938 0.472656 0.019531 0.019531
0 0.433594 0.863281 0.023438 0.023438
0 0.218750 0.144531 0.042969 0.042969
0 0.490234 0.541016 0.015625 0.015625
0 0.750000 0.541016 0.023438 0.023438
0 0.486328 0.820312 0.050781 0.050781
0 0.179688 0.390625 0.015625 0.015625
0 0.554688 0.000000 0.054688 0.054688
0 0.513672 0.894531 0.042969 0.042969
0 0.216797 0.333984 0.023438 0.023438
0 0.419922 0.562500 0.046875 0.046875
0 0.269531 0.384766 0.015625 0.015625
0 0.214844 0.539062 0.019531 0.019531
0 0.027344 0.427734 0.039062 0.039062
0 0.558594 0.414062 0.031250 0.031250
0 0.527344 0.140625 0.015625 0.015625
0 0.328125 0.183594 0.082031 0.082031
0 0.244141 0.677734 0.019531 0.019531
0 0.582031 0.718750 0.031250 0.031250
0 0.630859 0.701172 0.019531 0.019531
0 0.562500 0.949219 0.050781 0.050781
0 0.046875 0.160156 0.035156 0.035156
0 0.326172 0.099609 0.042969 0.042969
0 0.226562 0.730469 0.023438 0.023438
0 0.664062 0.369141 0.019531 0.019531
0 0.400391 0.271484 0.031250 0.031250
0 0.902344 0.554688 0.027344 0.027344
0 0.277344 0.138672 0.042969 0.042969
0 0.406250 0.722656 0.019531 0.019531
0 0.703125 0.876953 0.039062 0.039062
0 0.234375 0.369141 0.031250 0.031250
0 0.998047 0.349609 0.062500 0.062500
0 0.330078 0.285156 0.023438 0.023438
0 0.962891 0.580078 0.035156 0.035156
0 0.378906 0.300781 0.015625 0.015625
0 0.476562 0.761719 0.027344 0.027344
0 0.113281 0.123047 0.031250 0.031250
0 0.136719 0.230469 0.027344 0.027344
0 0.287109 0.255859 0.035156 0.035156
0 0.156250 0.894531 0.027344 0.027344
0 0.414062 0.898438 0.050781 0.050781
0 0.476562 0.150391 0.042969 0.042969
0 0.552734 0.574219 0.031250 0.031250
0 0.644531 0.998047 0.015625 0.015625
0 0.533203 0.650391 0.023438 0.023438
0 0.449219 0.527344 0.019531 0.019531
0 0.998047 0.416016 0.015625 0.015625
0 0.427734 0.269531 0.019531 0.019531
0 0.197266 0.261719 0.054688 0.054688
0 0.369141 0.355469 0.015625 0.015625
0 0.767578 0.308594 0.019531 0.019531
0 0.867188 0.447266 0.035156 0.035156
0 0.785156 0.167969 0.089844 0.089844
0 0.937500 0.253906 0.019531 0.019531
0 0.787109 0.677734 0.019531 0.019531
0 0.998047 0.541016 0.027344 0.027344
0 0.839844 0.810547 0.058594 0.058594
0 0.478516 0.517578 0.031250 0.031250
0 0.712891 0.726562 0.027344 0.027344
0 0.292969 0.884766 0.074219 0.074219
0 0.355469 0.597656 0.023438 0.023438
0 0.369141 0.480469 0.031250 0.031250
0 0.625000 0.476562 0.019531 0.019531
0 0.074219 0.351562 0.019531 0.019531
0 0.000000 0.363281 0.062500 0.062500
0 0.306641 0.533203 0.027344 0.027344
0 0.314453 0.408203 0.015625 0.015625
0 0.406250 0.425781 0.019531 0.019531
0 0.406250 0.234375 0.027344 0.027344
0 0.685547 0.771484 0.027344 0.027344
0 0.812500 0.324219 0.023438 0.023438
0 0.660156 0.708984 0.035156 0.035156
0 0.533203 0.169922 0.019531 0.019531
0 0.669922 0.250000 0.015625 0.015625
0 0.634766 0.603516 0.023438 0.023438
0 0.279297 0.638672 0.027344 0.027344
0 0.166016 0.691406 0.082031 0.082031
0 0.316406 0.621094 0.015625 0.015625
0 0.330078 0.513672 0.023438 0.023438
0 0.476562 0.009766 0.054688 0.054688
0 0.353516 0.126953 0.019531 0.019531
0 0.156250 0.521484 0.019531 0.019531
0 0.560547 0.609375 0.015625 0.015625
0 0.113281 0.339844 0.031250 0.031250
0 0.523438 0.259766 0.027344 0.027344
0 0.824219 0.730469 0.015625 0.015625
0 0.660156 0.402344 0.015625 0.015625
0 0.070312 0.578125 0.023438 0.023438
0 0.484375 0.634766 0.035156 0.035156
0 0.853516 0.746094 0.027344 0.027344
0 0.462891 0.666016 0.015625 0.015625
0 0.544922 0.337891 0.015625 0.015625
0 0.550781 0.474609 0.019531 0.019531
0 0.855469 0.607422 0.027344 0.027344
0 0.427734 0.972656 0.070312 0.070312
0 0.566406 0.548828 0.015625 0.015625
0 0.859375 0.488281 0.015625 0.015625
0 0.324219 0.236328 0.019531 0.019531
0 0.437500 0.732422 0.019531 0.019531
0 0.000000 0.621094 0.085938 0.085938
0 0.712891 0.023438 0.019531 0.019531
0 0.439453 0.591797 0.015625 0.015625
0 0.542969 0.843750 0.015625 0.015625
0 0.554688 0.802734 0.058594 0.058594
0 0.578125 0.302734 0.015625 0.015625
0 0.363281 0.332031 0.019531 0.019531
0 0.021484 0.275391 0.015625 0.015625
0 0.232422 0.500000 0.015625 0.015625
0 0.121094 0.734375 0.015625 0.015625
0 0.427734 0.417969 0.023438 0.023438
0 0.212891 0.494141 0.015625 0.015625
0 0.738281 0.464844 0.019531 0.019531
0 0.474609 0.787109 0.015625 0.015625
0 0.511719 0.466797 0.019531 0.019531
0 0.167969 0.466797 0.015625 0.015625
0 0.742188 0.324219 0.019531 0.019531
0 0.732422 0.556641 0.015625 0.015625
0 0.857422 0.914062 0.074219 0.074219
0 0.925781 0.453125 0.035156 0.035156
0 0.765625 0.333984 0.023438 0.023438
0 0.197266 0.365234 0.015625 0.015625
0 0.638672 0.855469 0.015625 0.015625
0 0.777344 0.433594 0.019531 0.019531
0 0.585938 0.173828 0.046875 0.046875
0 0.199219 0.472656 0.019531 0.019531
0 0.630859 0.000000 0.070312 0.070312
0 0.800781 0.773438 0.027344 0.027344
0 0.533203 0.408203 0.015625 0.015625
0 0.554688 0.744141 0.027344 0.027344
0 0.658203 0.828125 0.031250 0.031250
0 0.781250 0.271484 0.035156 0.035156
0 0.404297 0.162109 0.019531 0.019531
0 0.908203 0.779297 0.019531 0.019531
0 0.298828 0.816406 0.031250 0.031250
0 0.496094 0.105469 0.015625 0.015625
0 0.814453 0.677734 0.031250 0.031250
0 0.728516 0.339844 0.019531 0.019531
0 0.300781 0.033203 0.046875 0.046875
0 0.648438 0.257812 0.015625 0.015625
0 0.603516 0.617188 0.015625 0.015625
0 0.644531 0.949219 0.027344 0.027344
0 0.609375 0.826172 0.015625 0.015625
0 0.716797 0.759766 0.023438 0.023438
0 0.458984 0.281250 0.019531 0.019531
0 0.687500 0.238281 0.023438 0.023438
0 0.128906 0.382812 0.046875 0.046875
0 0.300781 0.318359 0.015625 0.015625
0 0.554688 0.447266 0.015625 0.015625
0 0.931641 0.843750 0.066406 0.066406
0 0.203125 0.632812 0.015625 0.015625
0 0.748047 0.583984 0.015625 0.015625
0 0.603516 0.445312 0.023438 0.023438
0 0.111328 0.806641 0.042969 0.042969
0 0.392578 0.193359 0.015625 0.015625
0 0.496094 0.867188 0.015625 0.015625
0 0.501953 0.945312 0.019531 0.019531
0 0.800781 0.904297 0.039062 0.039062
0 0.693359 0.806641 0.042969 0.042969
0 0.535156 0.066406 0.019531 0.019531
0 0.361328 0.236328 0.015625 0.015625
0 0.677734 0.923828 0.054688 0.054688
0 0.861328 0.000000 0.027344 0.027344
0 0.240234 0.527344 0.019531 0.019531
0 0.835938 0.708984 0.015625 0.015625
0 0.509766 0.787109 0.023438 0.023438
0 0.224609 0.031250 0.062500 0.062500
0 0.957031 0.605469 0.015625 0.015625
0 0.380859 0.062500 0.046875 0.046875
0 0.164062 0.417969 0.023438 0.023438
0 0.429688 0.000000 0.027344 0.027344
0 0.914062 0.611328 0.054688 0.054688
0 0.535156 0.240234 0.015625 0.015625
0 0.615234 0.726562 0.019531 0.019531
0 0.841797 0.232422 0.031250 0.031250
0 0.753906 0.843750 0.019531 0.019531
0 0.265625 0.658203 0.019531 0.019531
0 0.187500 0.109375 0.035156 0.035156
0 0.753906 0.882812 0.023438 0.023438
0 0.421875 0.107422 0.054688 0.054688
0 0.710938 0.453125 0.019531 0.019531
0 0.724609 0.912109 0.023438 0.023438
0 0.392578 0.308594 0.015625 0.015625
0 0.343750 0.542969 0.019531 0.019531
0 0.628906 0.925781 0.027344 0.027344
0 0.437500 0.824219 0.019531 0.019531
0 0.585938 0.603516 0.015625 0.015625
0 0.460938 0.914062 0.042969 0.042969
0 0.246094 0.412109 0.019531 0.019531
0 0.574219 0.396484 0.015625 0.015625
0 0.232422 0.988281 0.046875 0.046875
0 0.445312 0.169922 0.019531 0.019531
0 0.605469 0.466797 0.015625 0.015625
0 0.943359 0.214844 0.058594 0.058594
0 0.000000 0.250000 0.023438 0.023438
0 0.898438 0.734375 0.050781 0.050781
0 0.000000 0.820312 0.070312 0.070312
0 0.380859 0.998047 0.035156 0.035156
0 0.724609 0.148438 0.023438 0.023438
0 0.562500 0.138672 0.015625 0.015625
0 0.771484 0.398438 0.031250 0.031250
0 0.757812 0.611328 0.015625 0.015625
0 0.404297 0.398438 0.019531 0.019531
0 0.734375 0.814453 0.015625 0.015625
0 0.552734 0.660156 0.019531 0.019531
0 0.490234 0.660156 0.015625 0.015625
0 0.669922 0.433594 0.019531 0.019531
0 0.562500 0.701172 0.015625 0.015625
0 0.998047 0.279297 0.039062 0.039062
0 0.398438 0.849609 0.015625 0.015625
0 0.451172 0.630859 0.015625 0.015625
0 0.648438 0.630859 0.015625 0.015625
0 0.513672 0.998047 0.046875 0.046875
0 0.472656 0.855469 0.019531 0.019531
0 0.214844 0.392578 0.023438 0.023438
0 0.998047 0.144531 0.089844 0.089844
0 0.888672 0.191406 0.031250 0.031250
0 0.351562 0.355469 0.019531 0.019531
0 0.437500 0.496094 0.015625 0.015625
0 0.597656 0.865234 0.039062 0.039062
0 0.783203 0.800781 0.027344 0.027344
0 0.162109 0.443359 0.015625 0.015625
0 0.531250 0.597656 0.019531 0.019531
0 0.517578 0.126953 0.015625 0.015625
0 0.382812 0.707031 0.023438 0.023438
0 0.849609 0.642578 0.035156 0.035156
0 0.042969 0.306641 0.031250 0.031250
0 0.312500 0.330078 0.015625 0.015625
0 0.919922 0.523438 0.023438 0.023438
0 0.748047 0.505859 0.019531 0.019531
0 0.949219 0.519531 0.031250 0.031250
0 0.591797 0.998047 0.058594 0.058594
0 0.828125 0.078125 0.050781 0.050781
0 0.044922 0.710938 0.050781 0.050781
0 0.658203 0.119141 0.023438 0.023438
0 0.511719 0.650391 0.015625 0.015625
0 0.376953 0.906250 0.023438 0.023438
0 0.556641 0.630859 0.019531 0.019531
0 0.666016 0.056641 0.023438 0.023438
0 0.673828 0.998047 0.019531 0.019531
0 0.066406 0.837891 0.058594 0.058594
0 0.298828 0.287109 0.019531 0.019531
0 0.230469 0.578125 0.019531 0.019531
0 0.740234 0.429688 0.019531 0.019531
0 0.671875 0.275391 0.019531 0.019531
0 0.679688 0.392578 0.019531 0.019531
0 0.548828 0.376953 0.015625 0.015625
0 0.660156 0.679688 0.015625 0.015625
0 0.117188 0.183594 0.039062 0.039062
0 0.150391 0.203125 0.015625 0.015625
0 0.492188 0.478516 0.023438 0.023438
0 0.832031 0.617188 0.015625 0.015625
