0 0.417969 0.251953 0.046875 0.046875
0 0.451172 0.710938 0.050781 0.050781
0 0.281250 0.484375 0.066406 0.066406
0 0.570312 0.244141 0.050781 0.050781
0 0.166016 0.335938 0.093750 0.093750
0 0.632812 0.414062 0.089844 0.089844
0 0.507812 0.345703 0.058594 0.058594
0 0.648438 0.261719 0.085938 0.085938
0 0.771484 0.486328 0.050781 0.050781
0 0.519531 0.482422 0.085938 0.085938
0 0.363281 0.492188 0.031250 0.031250
0 0.703125 0.351562 0.093750 0.093750
0 0.064453 0.507812 0.054688 0.054688
0 0.318359 0.585938 0.066406 0.066406
0 0.730469 0.626953 0.074219 0.074219
0 0.492188 0.609375 0.074219 0.074219
0 0.119141 0.419922 0.054688 0.054688
0 0.642578 0.498047 0.070312 0.070312
0 0.521484 0.287109 0.058594 0.058594
0 0.462891 0.226562 0.023438 0.023438
0 0.400391 0.566406 0.082031 0.082031
0 0.552734 0.693359 0.082031 0.082031
0 0.162109 0.597656 0.062500 0.062500
0 0.408203 0.451172 0.039062 0.039062
0 0.548828 0.365234 0.027344 0.027344
0 0.607422 0.351562 0.019531 0.019531
0 0.238281 0.376953 0.019531 0.019531
0 0.857422 0.732422 0.046875 0.046875
0 0.726562 0.210938 0.054688 0.054688
0 0.251953 0.134766 0.015625 0.015625
0 0.732422 0.435547 0.019531 0.019531
0 0.400391 0.767578 0.027344 0.027344
0 0.234375 0.642578 0.058594 0.058594
0 0.390625 0.509766 0.015625 0.015625
0 0.814453 0.783203 0.019531 0.019531
0 0.427734 0.306641 0.039062 0.039062
0 0.361328 0.855469 0.070312 0.070312
0 0.164062 0.478516 0.042969 0.042969
0 0.697266 0.707031 0.082031 0.082031
0 0.574219 0.599609 0.054688 0.054688
0 0.445312 0.839844 0.027344 0.027344
0 0.568359 0.425781 0.039062 0.039062
0 0.439453 0.388672 0.023438 0.023438
0 0.882812 0.402344 0.015625 0.015625
0 0.451172 0.486328 0.042969 0.042969
0 0.718750 0.556641 0.035156 0.035156
0 0.349609 0.630859 0.027344 0.027344
0 0.517578 0.855469 0.015625 0.015625
0 0.998047 0.519531 0.058594 0.058594
0 0.021484 0.654297 0.066406 0.066406
0 0.425781 0.343750 0.027344 0.027344
0 0.511719 0.832031 0.027344 0.027344
0 0.527344 0.765625 0.070312 0.070312
0 0.316406 0.535156 0.035156 0.035156
0 0.218750 0.720703 0.070312 0.070312
0 0.402344 0.648438 0.062500 0.062500
0 0.494141 0.173828 0.039062 0.039062
0 0.546875 0.562500 0.023438 0.023438
0 0.285156 0.396484 0.042969 0.042969
0 0.933594 0.462891 0.015625 0.015625
0 0.349609 0.707031 0.082031 0.082031
0 0.535156 0.070312 0.070312 0.070312
0 0.705078 0.902344 0.066406 0.066406
0 0.398438 0.382812 0.027344 0.027344
0 0.753906 0.546875 0.027344 0.027344
0 0.351562 0.392578 0.046875 0.046875
0 0.369141 0.757812 0.015625 0.015625
0 0.855469 0.187500 0.093750 0.093750
0 0.849609 0.458984 0.035156 0.035156
0 0.375000 0.156250 0.015625 0.015625
0 0.201172 0.414062 0.015625 0.015625
0 0.681641 0.529297 0.015625 0.015625
0 0.580078 0.365234 0.015625 0.015625
0 0.687500 0.166016 0.023438 0.023438
0 0.222656 0.496094 0.035156 0.035156
0 0.333984 0.330078 0.058594 0.058594
0 0.351562 0.458984 0.019531 0.019531
0 0.457031 0.287109 0.015625 0.015625
0 0.250000 0.554688 0.023438 0.023438
0 0.498047 0.238281 0.035156 0.035156
0 0.177734 0.441406 0.031250 0.031250
0 0.445312 0.101562 0.023438 0.023438
0 0.822266 0.330078 0.058594 0.058594
0 0.640625 0.349609 0.027344 0.027344
0 0.787109 0.968750 0.062500 0.062500
0 0.589844 0.156250 0.039062 0.039062
0 0.628906 0.576172 0.015625 0.015625
0 0.117188 0.175781 0.074219 0.074219
0 0.343750 0.244141 0.039062 0.039062
0 0.458984 0.794922 0.035156 0.035156
0 0.667969 0.458984 0.019531 0.019531
0 0.621094 0.720703 0.046875 0.046875
0 0.175781 0.535156 0.054688 0.054688
0 0.416016 0.746094 0.015625 0.015625
0 0.224609 0.208984 0.066406 0.066406
0 0.562500 0.533203 0.023438 0.023438
0 0.441406 0.662109 0.019531 0.019531
0 0.785156 0.701172 0.066406 0.066406
0 0.640625 0.773438 0.015625 0.015625
0 0.300781 0.193359 0.046875 0.046875
0 0.236328 0.328125 0.031250 0.031250
0 0.693359 0.494141 0.023438 0.023438
0 0.107422 0.669922 0.070312 0.070312
0 0.474609 0.541016 0.046875 0.046875
0 0.400391 0.492188 0.023438 0.023438
0 0.306641 0.763672 0.050781 0.050781
0 0.410156 0.410156 0.019531 0.019531
0 0.000000 0.572266 0.050781 0.050781
0 0.521484 0.564453 0.019531 0.019531
0 0.376953 0.429688 0.023438 0.023438
0 0.437500 0.900391 0.015625 0.015625
0 0.603516 0.568359 0.023438 0.023438
0 0.576172 0.748047 0.015625 0.015625
0 0.298828 0.298828 0.031250 0.031250
0 0.597656 0.824219 0.058594 0.058594
0 0.824219 0.283203 0.023438 0.023438
0 0.808594 0.404297 0.027344 0.027344
0 0.216797 0.896484 0.058594 0.058594
0 0.587891 0.343750 0.015625 0.015625
0 0.359375 0.519531 0.023438 0.023438
0 0.378906 0.281250 0.046875 0.046875
0 0.304688 0.658203 0.039062 0.039062
0 0.220703 0.437500 0.042969 0.042969
0 0.646484 0.544922 0.015625 0.015625
0 0.583984 0.486328 0.019531 0.019531
0 0.767578 0.437500 0.031250 0.031250
0 0.148438 0.248047 0.058594 0.058594
0 0.378906 0.093750 0.066406 0.066406
0 0.888672 0.587891 0.074219 0.074219
0 0.544922 0.166016 0.046875 0.046875
0 0.607422 0.468750 0.019531 0.019531
0 0.544922 0.000000 0.062500 0.062500
0 0.308594 0.894531 0.039062 0.039062
0 0.525391 0.945312 0.085938 0.085938
0 0.390625 0.347656 0.031250 0.031250
0 0.375000 0.988281 0.046875 0.046875
0 0.121094 0.751953 0.058594 0.058594
0 0.775391 0.757812 0.035156 0.035156
0 0.960938 0.335938 0.015625 0.015625
0 0.439453 0.152344 0.039062 0.039062
0 0.726562 0.470703 0.031250 0.031250
0 0.587891 0.285156 0.019531 0.019531
0 0.552734 0.117188 0.019531 0.019531
0 0.562500 0.320312 0.015625 0.015625
0 0.621094 0.648438 0.046875 0.046875
0 0.248047 0.517578 0.027344 0.027344
0 0.621094 0.208984 0.023438 0.023438
0 0.669922 0.605469 0.019531 0.019531
0 0.640625 0.179688 0.039062 0.039062
0 0.552734 0.634766 0.015625 0.015625
0 0.457031 0.328125 0.023438 0.023438
0 0.386719 0.408203 0.019531 0.019531
0 0.515625 0.419922 0.027344 0.027344
0 0.167969 0.800781 0.058594 0.058594
0 0.273438 0.355469 0.031250 0.031250
0 0.642578 0.958984 0.054688 0.054688
0 0.000000 0.382812 0.074219 0.074219
0 0.666016 0.775391 0.031250 0.031250
0 0.472656 0.443359 0.031250 0.031250
0 0.480469 0.736328 0.023438 0.023438
0 0.882812 0.291016 0.054688 0.054688
0 0.576172 0.306641 0.019531 0.019531
0 0.208984 0.589844 0.023438 0.023438
0 0.054688 0.437500 0.070312 0.070312
0 0.617188 0.326172 0.015625 0.015625
0 0.824219 0.601562 0.019531 0.019531
0 0.490234 0.666016 0.019531 0.019531
0 0.613281 0.138672 0.019531 0.019531
0 0.492188 0.804688 0.015625 0.015625
0 0.652344 0.580078 0.015625 0.015625
0 0.966797 0.763672 0.082031 0.082031
0 0.433594 0.419922 0.023438 0.023438
0 0.744141 0.750000 0.027344 0.027344
0 0.466797 0.970703 0.035156 0.035156
0 0.626953 0.683594 0.019531 0.019531
0 0.642578 0.087891 0.046875 0.046875
0 0.302734 0.113281 0.039062 0.039062
0 0.277344 0.279297 0.019531 0.019531
0 0.748047 0.404297 0.015625 0.015625
0 0.005859 0.492188 0.066406 0.066406
0 0.650391 0.818359 0.015625 0.015625
0 0.589844 0.769531 0.031250 0.031250
0 0.000000 0.138672 0.054688 0.054688
0 0.773438 0.085938 0.027344 0.027344
0 0.449219 0.406250 0.015625 0.015625
0 0.744141 0.779297 0.015625 0.015625
0 0.845703 0.667969 0.031250 0.031250
0 0.794922 0.564453 0.019531 0.019531
0 0.892578 0.525391 0.027344 0.027344
0 0.527344 0.197266 0.015625 0.015625
0 0.460938 0.644531 0.019531 0.019531
0 0.273438 0.728516 0.027344 0.027344
0 0.068359 0.263672 0.082031 0.082031
0 0.378906 0.925781 0.042969 0.042969
0 0.779297 0.652344 0.027344 0.027344
0 0.898438 0.654297 0.035156 0.035156
0 0.437500 0.607422 0.015625 0.015625
0 0.478516 0.685547 0.023438 0.023438
0 0.767578 0.363281 0.015625 0.015625
0 0.525391 0.388672 0.027344 0.027344
0 0.617188 0.542969 0.023438 0.023438
0 0.759766 0.917969 0.046875 0.046875
0 0.439453 0.929688 0.039062 0.039062
0 0.439453 0.212891 0.023438 0.023438
0 0.441406 0.031250 0.058594 0.058594
0 0.843750 0.626953 0.015625 0.015625
0 0.847656 0.408203 0.015625 0.015625
0 0.318359 0.810547 0.019531 0.019531
0 0.839844 0.501953 0.042969 0.042969
0 0.548828 0.820312 0.027344 0.027344
0 0.759766 0.289062 0.050781 0.050781
0 0.664062 0.632812 0.015625 0.015625
0 0.589844 0.453125 0.015625 0.015625
0 0.808594 0.490234 0.023438 0.023438
0 0.798828 0.822266 0.031250 0.031250
0 0.523438 0.541016 0.019531 0.019531
0 0.539062 0.619141 0.015625 0.015625
0 0.892578 0.681641 0.015625 0.015625
0 0.470703 0.371094 0.019531 0.019531
0 0.089844 0.591797 0.050781 0.050781
0 0.271484 0.154297 0.027344 0.027344
0 0.779297 0.378906 0.019531 0.019531
0 0.906250 0.453125 0.039062 0.039062
0 0.935547 0.371094 0.070312 0.070312
0 0.492188 0.423828 0.015625 0.015625
0 0.265625 0.781250 0.015625 0.015625
0 0.703125 0.439453 0.019531 0.019531
0 0.457031 0.353516 0.015625 0.015625
0 0.998047 0.574219 0.042969 0.042969
0 0.480469 0.000000 0.019531 0.019531
0 0.843750 0.546875 0.046875 0.046875
0 0.523438 0.246094 0.015625 0.015625
0 0.347656 0.000000 0.082031 0.082031
0 0.652344 0.732422 0.019531 0.019531
0 0.445312 0.628906 0.015625 0.015625
0 0.925781 0.523438 0.019531 0.019531
0 0.714844 0.755859 0.019531 0.019531
0 0.326172 0.484375 0.023438 0.023438
0 0.392578 0.166016 0.023438 0.023438
0 0.468750 0.074219 0.015625 0.015625
0 0.601562 0.519531 0.019531 0.019531
0 0.208984 0.470703 0.015625 0.015625
0 0.636719 0.605469 0.023438 0.023438
0 0.744141 0.566406 0.015625 0.015625
0 0.837891 0.808594 0.031250 0.031250
0 0.421875 0.513672 0.031250 0.031250
0 0.695312 0.058594 0.058594 0.058594
0 0.304688 0.982422 0.050781 0.050781
0 0.109375 0.998047 0.019531 0.019531
0 0.320312 0.433594 0.042969 0.042969
0 0.912109 0.820312 0.027344 0.027344
0 0.806641 0.435547 0.027344 0.027344
0 0.681641 0.650391 0.027344 0.027344
0 0.275391 0.541016 0.019531 0.019531
0 0.869141 0.478516 0.019531 0.019531
0 0.718750 0.851562 0.031250 0.031250
0 0.287109 0.244141 0.039062 0.039062
0 0.880859 0.894531 0.027344 0.027344
0 0.806641 0.634766 0.019531 0.019531
0 0.691406 0.843750 0.015625 0.015625
0 0.197266 0.035156 0.023438 0.023438
0 0.437500 0.773438 0.019531 0.019531
0 0.701172 0.820312 0.027344 0.027344
0 0.804688 0.000000 0.050781 0.050781
0 0.363281 0.789062 0.046875 0.046875
0 0.226562 0.539062 0.023438 0.023438
0 0.341797 0.140625 0.046875 0.046875
0 0.384766 0.220703 0.039062 0.039062
0 0.585938 0.902344 0.023438 0.023438
0 0.208984 0.097656 0.042969 0.042969
0 0.267578 0.613281 0.019531 0.019531
0 0.564453 0.343750 0.019531 0.019531
0 0.470703 0.408203 0.015625 0.015625
0 0.478516 0.761719 0.015625 0.015625
0 0.101562 0.804688 0.039062 0.039062
0 0.453125 0.568359 0.019531 0.019531
0 0.408203 0.810547 0.023438 0.023438
0 0.628906 0.000000 0.023438 0.023438
0 0.359375 0.439453 0.015625 0.015625
0 0.685547 0.220703 0.019531 0.019531
0 0.238281 0.281250 0.015625 0.015625
0 0.804688 0.232422 0.023438 0.023438
0 0.183594 0.398438 0.015625 0.015625
0 0.447266 0.748047 0.023438 0.023438
0 0.271484 0.705078 0.015625 0.015625
0 0.714844 0.285156 0.027344 0.027344
0 0.185547 0.654297 0.035156 0.035156
0 0.646484 0.861328 0.046875 0.046875
0 0.955078 0.599609 0.050781 0.050781
0 0.574219 0.556641 0.019531 0.019531
0 0.486328 0.132812 0.023438 0.023438
0 0.699219 0.000000 0.035156 0.035156
0 0.562500 0.392578 0.023438 0.023438
0 0.000000 0.304688 0.042969 0.042969
0 0.263672 0.976562 0.027344 0.027344
0 0.681641 0.560547 0.027344 0.027344
0 0.117188 0.558594 0.015625 0.015625
0 0.164062 0.037109 0.031250 0.031250
0 0.783203 0.125000 0.031250 0.031250
0 0.216797 0.000000 0.027344 0.027344
0 0.720703 0.412109 0.019531 0.019531
0 0.613281 0.603516 0.023438 0.023438
0 0.203125 0.380859 0.019531 0.019531
0 0.535156 0.226562 0.027344 0.027344
0 0.656250 0.617188 0.015625 0.015625
0 0.644531 0.320312 0.023438 0.023438
0 0.871094 0.335938 0.035156 0.035156
0 0.580078 0.123047 0.019531 0.019531
0 0.587891 0.654297 0.019531 0.019531
0 0.236328 0.404297 0.027344 0.027344
0 0.693359 0.121094 0.042969 0.042969
0 0.777344 0.585938 0.031250 0.031250
0 0.759766 0.326172 0.015625 0.015625
0 0.998047 0.664062 0.023438 0.023438
0 0.822266 0.933594 0.023438 0.023438
0 0.935547 0.187500 0.019531 0.019531
0 0.253906 0.751953 0.019531 0.019531
0 0.271484 0.832031 0.074219 0.074219
0 0.806641 0.462891 0.023438 0.023438
0 0.304688 0.937500 0.019531 0.019531
0 0.634766 0.558594 0.019531 0.019531
0 0.029297 0.822266 0.019531 0.019531
0 0.845703 0.388672 0.015625 0.015625
0 0.703125 0.519531 0.023438 0.023438
0 0.099609 0.462891 0.019531 0.019531
0 0.125000 0.529297 0.031250 0.031250
0 0.775391 0.845703 0.019531 0.019531
0 0.589844 0.634766 0.015625 0.015625
0 0.734375 0.525391 0.027344 0.027344
0 0.525391 0.642578 0.019531 0.019531
0 0.597656 0.072266 0.019531 0.019531
0 0.287109 0.613281 0.015625 0.015625
0 0.998047 0.439453 0.027344 0.027344
0 0.726562 0.132812 0.015625 0.015625
0 0.228516 0.162109 0.023438 0.023438
0 0.816406 0.751953 0.031250 0.031250
0 0.732422 0.255859 0.027344 0.027344
0 0.333984 0.656250 0.015625 0.015625
0 0.058594 0.335938 0.035156 0.035156
0 0.779297 0.199219 0.015625 0.015625
0 0.998047 0.396484 0.015625 0.015625
0 0.570312 0.998047 0.039062 0.039062
0 0.988281 0.630859 0.027344 0.027344
0 0.480469 0.390625 0.023438 0.023438
0 0.777344 0.246094 0.023438 0.023438
0 0.152344 0.117188 0.050781 0.050781
0 0.609375 0.296875 0.015625 0.015625
0 0.273438 0.439453 0.023438 0.023438
0 0.972656 0.177734 0.042969 0.042969
0 0.578125 0.507812 0.015625 0.015625
0 0.878906 0.857422 0.015625 0.015625
0 0.400391 0.951172 0.023438 0.023438
0 0.289062 0.335938 0.015625 0.015625
0 0.470703 0.103516 0.019531 0.019531
0 0.699219 0.574219 0.015625 0.015625
0 0.259766 0.904297 0.027344 0.027344
0 0.585938 0.533203 0.015625 0.015625
0 0.947266 0.220703 0.019531 0.019531
