0 0.595703 0.443359 0.054688 0.054688
0 0.371094 0.417969 0.070312 0.070312
0 0.195312 0.484375 0.062500 0.062500
0 0.451172 0.611328 0.023438 0.023438
0 0.519531 0.609375 0.027344 0.027344
0 0.181641 0.138672 0.089844 0.089844
0 0.402344 0.343750 0.035156 0.035156
0 0.234375 0.326172 0.042969 0.042969
0 0.388672 0.289062 0.042969 0.042969
0 0.998047 0.716797 0.039062 0.039062
0 0.814453 0.683594 0.027344 0.027344
0 0.529297 0.349609 0.031250 0.031250
0 0.408203 0.648438 0.062500 0.062500
0 0.558594 0.697266 0.031250 0.031250
0 0.560547 0.205078 0.023438 0.023438
0 0.667969 0.238281 0.035156 0.035156
0 0.568359 0.240234 0.027344 0.027344
0 0.574219 0.503906 0.058594 0.058594
0 0.505859 0.531250 0.042969 0.042969
0 0.728516 0.490234 0.042969 0.042969
0 0.222656 0.750000 0.019531 0.019531
0 0.611328 0.593750 0.093750 0.093750
0 0.351562 0.757812 0.085938 0.085938
0 0.371094 0.519531 0.074219 0.074219
0 0.765625 0.746094 0.082031 0.082031
0 0.632812 0.197266 0.039062 0.039062
0 0.830078 0.433594 0.042969 0.042969
0 0.253906 0.408203 0.066406 0.066406
0 0.267578 0.556641 0.039062 0.039062
0 0.564453 0.794922 0.066406 0.066406
0 0.466797 0.457031 0.015625 0.015625
0 0.689453 0.748047 0.054688 0.054688
0 0.662109 0.322266 0.023438 0.023438
0 0.435547 0.908203 0.078125 0.078125
0 0.707031 0.144531 0.031250 0.031250
0 0.712891 0.433594 0.039062 0.039062
0 0.529297 0.480469 0.023438 0.023438
0 0.417969 0.802734 0.023438 0.023438
0 0.597656 0.355469 0.062500 0.062500
0 0.650391 0.095703 0.031250 0.031250
0 0.197266 0.365234 0.046875 0.046875
0 0.806641 0.609375 0.078125 0.078125
0 0.410156 0.841797 0.027344 0.027344
0 0.316406 0.560547 0.039062 0.039062
0 0.351562 0.617188 0.019531 0.019531
0 0.708984 0.583984 0.019531 0.019531
0 0.251953 0.607422 0.035156 0.035156
0 0.232422 0.531250 0.039062 0.039062
0 0.529297 0.425781 0.074219 0.074219
0 0.310547 0.429688 0.046875 0.046875
0 0.814453 0.517578 0.046875 0.046875
0 0.310547 0.375000 0.054688 0.054688
0 0.720703 0.330078 0.089844 0.089844
0 0.435547 0.580078 0.015625 0.015625
0 0.615234 0.009766 0.082031 0.082031
0 0.488281 0.712891 0.074219 0.074219
0 0.414062 0.583984 0.019531 0.019531
0 0.111328 0.332031 0.027344 0.027344
0 0.142578 0.699219 0.078125 0.078125
0 0.611328 0.712891 0.042969 0.042969
0 0.566406 0.552734 0.015625 0.015625
0 0.435547 0.384766 0.027344 0.027344
0 0.671875 0.500000 0.015625 0.015625
0 0.427734 0.535156 0.019531 0.019531
0 0.453125 0.427734 0.019531 0.019531
0 0.234375 0.267578 0.019531 0.019531
0 0.347656 0.347656 0.027344 0.027344
0 0.548828 0.892578 0.074219 0.074219
0 0.873047 0.539062 0.027344 0.027344
0 0.677734 0.648438 0.027344 0.027344
0 0.248047 0.169922 0.042969 0.042969
0 0.380859 0.855469 0.023438 0.023438
0 0.408203 0.443359 0.015625 0.015625
0 0.328125 0.675781 0.054688 0.054688
0 0.509766 0.636719 0.015625 0.015625
0 0.267578 0.478516 0.035156 0.035156
0 0.945312 0.455078 0.062500 0.062500
0 0.369141 0.697266 0.019531 0.019531
0 0.535156 0.710938 0.015625 0.015625
0 0.685547 0.466797 0.031250 0.031250
0 0.384766 0.156250 0.054688 0.054688
0 0.521484 0.287109 0.054688 0.054688
0 0.136719 0.400391 0.039062 0.039062
0 0.689453 0.396484 0.046875 0.046875
0 0.210938 0.398438 0.015625 0.015625
0 0.400391 0.375000 0.015625 0.015625
0 0.876953 0.802734 0.066406 0.066406
0 0.458984 0.490234 0.031250 0.031250
0 0.787109 0.464844 0.042969 0.042969
0 0.216797 0.658203 0.042969 0.042969
0 0.294922 0.517578 0.035156 0.035156
0 0.529297 0.634766 0.019531 0.019531
0 0.755859 0.537109 0.046875 0.046875
0 0.722656 0.679688 0.058594 0.058594
0 0.490234 0.347656 0.039062 0.039062
0 0.677734 0.998047 0.085938 0.085938
0 0.224609 0.568359 0.035156 0.035156
0 0.291016 0.724609 0.019531 0.019531
0 0.968750 0.390625 0.058594 0.058594
0 0.671875 0.681641 0.039062 0.039062
0 0.658203 0.464844 0.023438 0.023438
0 0.625000 0.523438 0.046875 0.046875
0 0.269531 0.703125 0.023438 0.023438
0 0.949219 0.691406 0.015625 0.015625
0 0.287109 0.304688 0.035156 0.035156
0 0.457031 0.240234 0.035156 0.035156
0 0.582031 0.400391 0.019531 0.019531
0 0.742188 0.187500 0.066406 0.066406
0 0.140625 0.466797 0.046875 0.046875
0 0.421875 0.251953 0.031250 0.031250
0 0.763672 0.380859 0.031250 0.031250
0 0.894531 0.556641 0.023438 0.023438
0 0.949219 0.744141 0.070312 0.070312
0 0.521484 0.373047 0.015625 0.015625
0 0.794922 0.662109 0.023438 0.023438
0 0.521484 0.148438 0.085938 0.085938
0 0.648438 0.439453 0.015625 0.015625
0 0.671875 0.556641 0.019531 0.019531
0 0.341797 0.279297 0.015625 0.015625
0 0.472656 0.302734 0.015625 0.015625
0 0.900391 0.326172 0.039062 0.039062
0 0.316406 0.292969 0.027344 0.027344
0 0.750000 0.580078 0.023438 0.023438
0 0.365234 0.576172 0.031250 0.031250
0 0.373047 0.224609 0.054688 0.054688
0 0.406250 0.101562 0.015625 0.015625
0 0.517578 0.560547 0.015625 0.015625
0 0.572266 0.666016 0.019531 0.019531
0 0.476562 0.421875 0.023438 0.023438
0 0.531250 0.513672 0.015625 0.015625
0 0.437500 0.318359 0.042969 0.042969
0 0.244141 0.712891 0.023438 0.023438
0 0.820312 0.355469 0.027344 0.027344
0 0.595703 0.279297 0.023438 0.023438
0 0.181641 0.634766 0.027344 0.027344
0 0.482422 0.796875 0.093750 0.093750
0 0.619141 0.232422 0.027344 0.027344
0 0.626953 0.667969 0.031250 0.031250
0 0.626953 0.492188 0.015625 0.015625
0 0.056641 0.355469 0.031250 0.031250
0 0.869141 0.724609 0.074219 0.074219
0 0.484375 0.476562 0.023438 0.023438
0 0.087891 0.396484 0.058594 0.058594
0 0.128906 0.580078 0.031250 0.031250
0 0.533203 0.572266 0.015625 0.015625
0 0.636719 0.476562 0.019531 0.019531
0 0.451172 0.562500 0.031250 0.031250
0 0.708984 0.560547 0.027344 0.027344
0 0.109375 0.626953 0.050781 0.050781
0 0.753906 0.431641 0.023438 0.023438
0 0.625000 0.285156 0.015625 0.015625
0 0.386719 0.007812 0.078125 0.078125
0 0.267578 0.654297 0.054688 0.054688
0 0.734375 0.810547 0.050781 0.050781
0 0.160156 0.289062 0.062500 0.062500
0 0.558594 0.638672 0.027344 0.027344
0 0.220703 0.998047 0.050781 0.050781
0 0.529297 0.236328 0.023438 0.023438
0 0.378906 0.097656 0.035156 0.035156
0 0.628906 0.259766 0.015625 0.015625
0 0.589844 0.146484 0.050781 0.050781
0 0.683594 0.816406 0.015625 0.015625
0 0.695312 0.222656 0.023438 0.023438
0 0.941406 0.548828 0.046875 0.046875
0 0.091797 0.517578 0.089844 0.089844
0 0.785156 0.269531 0.078125 0.078125
0 0.787109 0.998047 0.046875 0.046875
0 0.806641 0.902344 0.093750 0.093750
0 0.607422 0.208984 0.015625 0.015625
0 0.000000 0.351562 0.058594 0.058594
0 0.542969 0.669922 0.027344 0.027344
0 0.181641 0.529297 0.023438 0.023438
0 0.269531 0.775391 0.058594 0.058594
0 0.562500 0.726562 0.015625 0.015625
0 0.466797 0.664062 0.019531 0.019531
0 0.156250 0.937500 0.078125 0.078125
0 0.707031 0.087891 0.078125 0.078125
0 0.335938 0.460938 0.023438 0.023438
0 0.455078 0.990234 0.042969 0.042969
0 0.888672 0.212891 0.039062 0.039062
0 0.552734 0.337891 0.015625 0.015625
0 0.593750 0.751953 0.023438 0.023438
0 0.460938 0.863281 0.019531 0.019531
0 0.277344 0.333984 0.023438 0.023438
0 0.716797 0.880859 0.054688 0.054688
0 0.085938 0.226562 0.085938 0.085938
0 0.351562 0.640625 0.015625 0.015625
0 0.638672 0.333984 0.019531 0.019531
0 0.541016 0.535156 0.023438 0.023438
0 0.990234 0.335938 0.023438 0.023438
0 0.605469 0.855469 0.019531 0.019531
0 0.417969 0.722656 0.015625 0.015625
0 0.712891 0.623047 0.027344 0.027344
0 0.664062 0.193359 0.023438 0.023438
0 0.556641 0.072266 0.042969 0.042969
0 0.230469 0.292969 0.019531 0.019531
0 0.298828 0.238281 0.074219 0.074219
0 0.273438 0.085938 0.039062 0.039062
0 0.201172 0.798828 0.078125 0.078125
0 0.750000 0.613281 0.031250 0.031250
0 0.324219 0.511719 0.019531 0.019531
0 0.662109 0.535156 0.019531 0.019531
0 0.480469 0.203125 0.039062 0.039062
0 0.304688 0.623047 0.039062 0.039062
0 0.292969 0.878906 0.023438 0.023438
0 0.490234 0.617188 0.019531 0.019531
0 0.173828 0.212891 0.027344 0.027344
0 0.617188 0.923828 0.046875 0.046875
0 0.763672 0.490234 0.015625 0.015625
0 0.542969 0.585938 0.015625 0.015625
0 0.828125 0.304688 0.027344 0.027344
0 0.669922 0.609375 0.027344 0.027344
0 0.404297 0.697266 0.031250 0.031250
0 0.556641 0.464844 0.015625 0.015625
0 0.000000 0.554688 0.066406 0.066406
0 0.439453 0.166016 0.015625 0.015625
0 0.236328 0.111328 0.023438 0.023438
0 0.220703 0.876953 0.054688 0.054688
0 0.798828 0.103516 0.078125 0.078125
0 0.451172 0.515625 0.015625 0.015625
0 0.537109 0.740234 0.027344 0.027344
0 0.322266 0.593750 0.015625 0.015625
0 0.421875 0.421875 0.027344 0.027344
0 0.201172 0.580078 0.015625 0.015625
0 0.634766 0.750000 0.039062 0.039062
0 0.041016 0.675781 0.082031 0.082031
0 0.630859 0.449219 0.015625 0.015625
0 0.050781 0.601562 0.050781 0.050781
0 0.412109 0.609375 0.015625 0.015625
0 0.998047 0.542969 0.023438 0.023438
0 0.593750 0.667969 0.015625 0.015625
0 0.654297 0.779297 0.015625 0.015625
0 0.718750 0.000000 0.085938 0.085938
0 0.474609 0.000000 0.078125 0.078125
0 0.498047 0.972656 0.039062 0.039062
0 0.894531 0.271484 0.066406 0.066406
0 0.820312 0.189453 0.015625 0.015625
0 0.585938 0.308594 0.019531 0.019531
0 0.175781 0.408203 0.023438 0.023438
0 0.646484 0.373047 0.027344 0.027344
0 0.498047 0.589844 0.015625 0.015625
0 0.074219 0.636719 0.019531 0.019531
0 0.564453 0.380859 0.019531 0.019531
0 0.585938 0.648438 0.015625 0.015625
0 0.158203 0.531250 0.019531 0.019531
0 0.550781 0.566406 0.019531 0.019531
0 0.738281 0.246094 0.015625 0.015625
0 0.496094 0.394531 0.015625 0.015625
0 0.402344 0.736328 0.023438 0.023438
0 0.742188 0.453125 0.023438 0.023438
0 0.333984 0.941406 0.019531 0.019531
0 0.869141 0.486328 0.039062 0.039062
0 0.503906 0.068359 0.027344 0.027344
0 0.220703 0.593750 0.015625 0.015625
0 0.632812 0.166016 0.015625 0.015625
0 0.347656 0.298828 0.015625 0.015625
0 0.414062 0.484375 0.015625 0.015625
0 0.507812 0.484375 0.015625 0.015625
0 0.476562 0.636719 0.023438 0.023438
0 0.794922 0.376953 0.019531 0.019531
0 0.658203 0.275391 0.023438 0.023438
0 0.601562 0.822266 0.015625 0.015625
0 0.392578 0.816406 0.023438 0.023438
0 0.998047 0.763672 0.031250 0.031250
0 0.373047 0.322266 0.015625 0.015625
0 0.369141 0.472656 0.019531 0.019531
0 0.462891 0.097656 0.050781 0.050781
0 0.412109 0.773438 0.023438 0.023438
0 0.500000 0.654297 0.015625 0.015625
0 0.500000 0.251953 0.023438 0.023438
0 0.175781 0.041016 0.050781 0.050781
0 0.662109 0.843750 0.039062 0.039062
0 0.160156 0.425781 0.019531 0.019531
0 0.382812 0.363281 0.019531 0.019531
0 0.234375 0.455078 0.031250 0.031250
0 0.509766 0.929688 0.023438 0.023438
0 0.433594 0.464844 0.027344 0.027344
0 0.421875 0.277344 0.015625 0.015625
0 0.203125 0.244141 0.023438 0.023438
0 0.646484 0.703125 0.023438 0.023438
0 0.337891 0.052734 0.035156 0.035156
0 0.865234 0.640625 0.027344 0.027344
0 0.998047 0.490234 0.019531 0.019531
0 0.355469 0.859375 0.023438 0.023438
0 0.320312 0.476562 0.015625 0.015625
0 0.810547 0.400391 0.027344 0.027344
0 0.314453 0.810547 0.015625 0.015625
0 0.214844 0.625000 0.019531 0.019531
0 0.693359 0.521484 0.035156 0.035156
0 0.449219 0.273438 0.023438 0.023438
0 0.470703 0.587891 0.019531 0.019531
0 0.582031 0.693359 0.015625 0.015625
0 0.457031 0.398438 0.015625 0.015625
0 0.003906 0.253906 0.031250 0.031250
0 0.236328 0.357422 0.015625 0.015625
0 0.445312 0.679688 0.015625 0.015625
0 0.687500 0.593750 0.019531 0.019531
0 0.810547 0.845703 0.015625 0.015625
0 0.453125 0.351562 0.015625 0.015625
0 0.564453 0.837891 0.015625 0.015625
0 0.380859 0.595703 0.015625 0.015625
0 0.539062 0.376953 0.019531 0.019531
0 0.330078 0.101562 0.019531 0.019531
0 0.568359 0.746094 0.023438 0.023438
0 0.335938 0.832031 0.015625 0.015625
0 0.345703 0.320312 0.019531 0.019531
0 0.640625 0.808594 0.039062 0.039062
0 0.853516 0.166016 0.054688 0.054688
0 0.226562 0.929688 0.027344 0.027344
0 0.214844 0.699219 0.035156 0.035156
0 0.355469 0.189453 0.023438 0.023438
0 0.882812 0.378906 0.035156 0.035156
0 0.134766 0.339844 0.015625 0.015625
0 0.484375 0.445312 0.019531 0.019531
0 0.482422 0.273438 0.027344 0.027344
0 0.998047 0.433594 0.015625 0.015625
0 0.027344 0.396484 0.027344 0.027344
0 0.125000 0.826172 0.039062 0.039062
0 0.609375 0.482422 0.015625 0.015625
0 0.535156 0.322266 0.019531 0.019531
0 0.128906 0.316406 0.015625 0.015625
0 0.847656 0.367188 0.015625 0.015625
0 0.503906 0.322266 0.015625 0.015625
0 0.556641 0.000000 0.027344 0.027344
0 0.417969 0.197266 0.031250 0.031250
0 0.652344 0.302734 0.019531 0.019531
0 0.408203 0.462891 0.015625 0.015625
0 0.632812 0.431641 0.015625 0.015625
0 0.003906 0.187500 0.078125 0.078125
0 0.292969 0.949219 0.023438 0.023438
0 0.857422 0.572266 0.039062 0.039062
0 0.285156 0.591797 0.019531 0.019531
0 0.394531 0.257812 0.019531 0.019531
0 0.519531 0.587891 0.015625 0.015625
0 0.998047 0.630859 0.042969 0.042969
0 0.558594 0.945312 0.031250 0.031250
0 0.613281 0.962891 0.031250 0.031250
0 0.558594 0.306641 0.023438 0.023438
0 0.792969 0.421875 0.027344 0.027344
0 0.585938 0.189453 0.027344 0.027344
0 0.892578 0.505859 0.019531 0.019531
0 0.998047 0.363281 0.019531 0.019531
0 0.535156 0.839844 0.031250 0.031250
0 0.468750 0.542969 0.015625 0.015625
0 0.617188 0.400391 0.027344 0.027344
0 0.335938 0.175781 0.015625 0.015625
0 0.283203 0.820312 0.035156 0.035156
0 0.654297 0.410156 0.023438 0.023438
0 0.330078 0.638672 0.019531 0.019531
0 0.781250 0.810547 0.027344 0.027344
0 0.197266 0.611328 0.019531 0.019531
0 0.816406 0.716797 0.027344 0.027344
0 0.998047 0.513672 0.023438 0.023438
0 0.248047 0.810547 0.015625 0.015625
0 0.429688 0.351562 0.019531 0.019531
0 0.111328 0.439453 0.031250 0.031250
0 0.845703 0.017578 0.031250 0.031250
0 0.675781 0.912109 0.015625 0.015625
0 0.324219 0.197266 0.019531 0.019531
0 0.162109 0.583984 0.015625 0.015625
0 0.742188 0.916016 0.027344 0.027344
0 0.261719 0.855469 0.015625 0.015625
0 0.480469 0.564453 0.015625 0.015625
0 0.359375 0.929688 0.035156 0.035156
0 0.074219 0.306641 0.019531 0.019531
0 0.191406 0.679688 0.019531 0.019531
0 0.193359 0.431641 0.023438 0.023438
0 0.437500 0.757812 0.023438 0.023438
0 0.556641 0.601562 0.015625 0.015625
0 0.998047 0.273438 0.054688 0.054688
0 0.085938 0.767578 0.042969 0.042969
0 0.078125 0.138672 0.042969 0.042969
0 0.779297 0.689453 0.031250 0.031250
0 0.925781 0.585938 0.015625 0.015625
