0 0.000000 0.408203 0.082031 0.082031
0 0.705078 0.769531 0.058594 0.058594
0 0.478516 0.523438 0.085938 0.085938
0 0.597656 0.300781 0.046875 0.046875
0 0.552734 0.521484 0.042969 0.042969
0 0.351562 0.423828 0.027344 0.027344
0 0.345703 0.541016 0.089844 0.089844
0 0.607422 0.521484 0.035156 0.035156
0 0.613281 0.373047 0.058594 0.058594
0 0.748047 0.287109 0.078125 0.078125
0 0.333984 0.759766 0.015625 0.015625
0 0.529297 0.570312 0.046875 0.046875
0 0.380859 0.451172 0.015625 0.015625
0 0.259766 0.658203 0.093750 0.093750
0 0.498047 0.777344 0.058594 0.058594
0 0.550781 0.421875 0.023438 0.023438
0 0.451172 0.812500 0.054688 0.054688
0 0.263672 0.818359 0.035156 0.035156
0 0.238281 0.412109 0.019531 0.019531
0 0.740234 0.380859 0.070312 0.070312
0 0.392578 0.414062 0.039062 0.039062
0 0.400391 0.800781 0.042969 0.042969
0 0.300781 0.964844 0.015625 0.015625
0 0.814453 0.451172 0.027344 0.027344
0 0.136719 0.769531 0.062500 0.062500
0 0.652344 0.529297 0.050781 0.050781
0 0.353516 0.474609 0.035156 0.035156
0 0.687500 0.433594 0.039062 0.039062
0 0.697266 0.615234 0.035156 0.035156
0 0.207031 0.431641 0.035156 0.035156
0 0.453125 0.644531 0.035156 0.035156
0 0.310547 0.208984 0.078125 0.078125
0 0.453125 0.683594 0.039062 0.039062
0 0.617188 0.451172 0.082031 0.082031
0 0.689453 0.257812 0.019531 0.019531
0 0.507812 0.433594 0.027344 0.027344
0 0.755859 0.513672 0.062500 0.062500
0 0.326172 0.693359 0.019531 0.019531
0 0.650391 0.650391 0.074219 0.074219
0 0.166016 0.462891 0.039062 0.039062
0 0.410156 0.460938 0.023438 0.023438
0 0.533203 0.359375 0.082031 0.082031
0 0.361328 0.289062 0.066406 0.066406
0 0.847656 0.587891 0.042969 0.042969
0 0.410156 0.361328 0.027344 0.027344
0 0.169922 0.599609 0.023438 0.023438
0 0.406250 0.714844 0.066406 0.066406
0 0.623047 0.576172 0.015625 0.015625
0 0.673828 0.332031 0.074219 0.074219
0 0.271484 0.548828 0.039062 0.039062
0 0.607422 0.839844 0.054688 0.054688
0 0.539062 0.259766 0.089844 0.089844
0 0.205078 0.363281 0.089844 0.089844
0 0.576172 0.683594 0.054688 0.054688
0 0.744141 0.560547 0.019531 0.019531
0 0.425781 0.148438 0.035156 0.035156
0 0.761719 0.662109 0.031250 0.031250
0 0.556641 0.611328 0.023438 0.023438
0 0.566406 0.472656 0.023438 0.023438
0 0.443359 0.308594 0.046875 0.046875
0 0.552734 0.742188 0.054688 0.054688
0 0.656250 0.576172 0.042969 0.042969
0 0.636719 0.746094 0.015625 0.015625
0 0.888672 0.533203 0.027344 0.027344
0 0.515625 0.464844 0.023438 0.023438
0 0.908203 0.265625 0.085938 0.085938
0 0.255859 0.421875 0.019531 0.019531
0 0.277344 0.421875 0.023438 0.023438
0 0.324219 0.361328 0.039062 0.039062
0 0.761719 0.449219 0.023438 0.023438
0 0.582031 0.556641 0.031250 0.031250
0 0.437500 0.412109 0.046875 0.046875
0 0.390625 0.490234 0.015625 0.015625
0 0.529297 0.843750 0.035156 0.035156
0 0.455078 0.345703 0.027344 0.027344
0 0.251953 0.904297 0.085938 0.085938
0 0.265625 0.490234 0.015625 0.015625
0 0.380859 0.613281 0.070312 0.070312
0 0.705078 0.548828 0.042969 0.042969
0 0.841797 0.421875 0.015625 0.015625
0 0.861328 0.498047 0.015625 0.015625
0 0.312500 0.730469 0.027344 0.027344
0 0.664062 0.490234 0.019531 0.019531
0 0.541016 0.667969 0.019531 0.019531
0 0.248047 0.599609 0.023438 0.023438
0 0.412109 0.517578 0.039062 0.039062
0 0.220703 0.580078 0.015625 0.015625
0 0.818359 0.353516 0.062500 0.062500
0 0.509766 0.693359 0.035156 0.035156
0 0.562500 0.167969 0.058594 0.058594
0 0.259766 0.082031 0.093750 0.093750
0 0.076172 0.587891 0.019531 0.019531
0 0.203125 0.792969 0.015625 0.015625
0 0.998047 0.515625 0.093750 0.093750
0 0.740234 0.927734 0.019531 0.019531
0 0.470703 0.437500 0.019531 0.019531
0 0.589844 0.226562 0.015625 0.015625
0 0.476562 0.898438 0.078125 0.078125
0 0.310547 0.263672 0.019531 0.019531
0 0.132812 0.187500 0.089844 0.089844
0 0.681641 0.404297 0.019531 0.019531
0 0.531250 0.623047 0.019531 0.019531
0 0.345703 0.386719 0.019531 0.019531
0 0.296875 0.326172 0.015625 0.015625
0 0.316406 0.609375 0.054688 0.054688
0 0.673828 0.054688 0.093750 0.093750
0 0.500000 0.193359 0.050781 0.050781
0 0.248047 0.449219 0.035156 0.035156
0 0.705078 0.664062 0.031250 0.031250
0 0.513672 0.083984 0.035156 0.035156
0 0.390625 0.218750 0.031250 0.031250
0 0.611328 0.603516 0.039062 0.039062
0 0.923828 0.748047 0.042969 0.042969
0 0.828125 0.908203 0.039062 0.039062
0 0.580078 0.492188 0.023438 0.023438
0 0.240234 0.265625 0.019531 0.019531
0 0.437500 0.978516 0.023438 0.023438
0 0.277344 0.302734 0.023438 0.023438
0 0.289062 0.369141 0.027344 0.027344
0 0.826172 0.677734 0.015625 0.015625
0 0.693359 0.498047 0.019531 0.019531
0 0.357422 0.359375 0.015625 0.015625
0 0.439453 0.599609 0.023438 0.023438
0 0.787109 0.806641 0.015625 0.015625
0 0.341797 0.734375 0.015625 0.015625
0 0.476562 0.734375 0.031250 0.031250
0 0.816406 0.556641 0.015625 0.015625
0 0.650391 0.927734 0.085938 0.085938
0 0.142578 0.515625 0.039062 0.039062
0 0.937500 0.683594 0.019531 0.019531
0 0.273438 0.767578 0.039062 0.039062
0 0.763672 0.000000 0.039062 0.039062
0 0.541016 0.464844 0.019531 0.019531
0 0.332031 0.789062 0.035156 0.035156
0 0.302734 0.443359 0.015625 0.015625
0 0.490234 0.666016 0.023438 0.023438
0 0.791016 0.138672 0.082031 0.082031
0 0.408203 0.558594 0.019531 0.019531
0 0.173828 0.261719 0.054688 0.054688
0 0.630859 0.210938 0.015625 0.015625
0 0.347656 0.048828 0.027344 0.027344
0 0.449219 0.570312 0.023438 0.023438
0 0.611328 0.267578 0.015625 0.015625
0 0.478516 0.273438 0.023438 0.023438
0 0.587891 0.117188 0.046875 0.046875
0 0.214844 0.220703 0.027344 0.027344
0 0.128906 0.373047 0.050781 0.050781
0 0.583984 0.591797 0.015625 0.015625
0 0.765625 0.572266 0.019531 0.019531
0 0.083984 0.335938 0.039062 0.039062
0 0.445312 0.619141 0.015625 0.015625
0 0.779297 0.732422 0.042969 0.042969
0 0.623047 0.697266 0.019531 0.019531
0 0.322266 0.861328 0.078125 0.078125
0 0.613281 0.882812 0.019531 0.019531
0 0.353516 0.703125 0.015625 0.015625
0 0.414062 0.078125 0.074219 0.074219
0 0.097656 0.712891 0.054688 0.054688
0 0.916016 0.640625 0.046875 0.046875
0 0.193359 0.658203 0.019531 0.019531
0 0.652344 0.859375 0.027344 0.027344
0 0.867188 0.748047 0.023438 0.023438
0 0.650391 0.248047 0.031250 0.031250
0 0.216797 0.294922 0.015625 0.015625
0 0.728516 0.613281 0.023438 0.023438
0 0.167969 0.656250 0.023438 0.023438
0 0.576172 0.998047 0.074219 0.074219
0 0.601562 0.751953 0.042969 0.042969
0 0.199219 0.724609 0.050781 0.050781
0 0.914062 0.480469 0.046875 0.046875
0 0.076172 0.462891 0.089844 0.089844
0 0.269531 0.390625 0.015625 0.015625
0 0.607422 0.222656 0.019531 0.019531
0 0.773438 0.419922 0.015625 0.015625
0 0.597656 0.015625 0.031250 0.031250
0 0.812500 0.498047 0.039062 0.039062
0 0.314453 0.419922 0.023438 0.023438
0 0.224609 0.542969 0.015625 0.015625
0 0.259766 0.158203 0.058594 0.058594
0 0.392578 0.183594 0.019531 0.019531
0 0.214844 0.480469 0.050781 0.050781
0 0.824219 0.630859 0.042969 0.042969
0 0.710938 0.134766 0.042969 0.042969
0 0.183594 0.548828 0.062500 0.062500
0 0.583984 0.636719 0.015625 0.015625
0 0.662109 0.189453 0.023438 0.023438
0 0.583984 0.923828 0.042969 0.042969
0 0.470703 0.292969 0.015625 0.015625
0 0.375000 0.751953 0.023438 0.023438
0 0.277344 0.716797 0.019531 0.019531
0 0.792969 0.203125 0.015625 0.015625
0 0.396484 0.335938 0.023438 0.023438
0 0.890625 0.126953 0.035156 0.035156
0 0.474609 0.605469 0.023438 0.023438
0 0.832031 0.845703 0.085938 0.085938
0 0.472656 0.380859 0.035156 0.035156
0 0.998047 0.593750 0.019531 0.019531
0 0.861328 0.412109 0.023438 0.023438
0 0.578125 0.333984 0.019531 0.019531
0 0.000000 0.503906 0.039062 0.039062
0 0.609375 0.082031 0.023438 0.023438
0 0.824219 0.251953 0.054688 0.054688
0 0.322266 0.654297 0.031250 0.031250
0 0.521484 0.000000 0.089844 0.089844
0 0.380859 0.828125 0.023438 0.023438
0 0.623047 0.246094 0.023438 0.023438
0 0.792969 0.550781 0.015625 0.015625
0 0.093750 0.246094 0.035156 0.035156
0 0.437500 0.203125 0.058594 0.058594
0 0.275391 0.464844 0.027344 0.027344
0 0.373047 0.781250 0.023438 0.023438
0 0.171875 0.496094 0.015625 0.015625
0 0.960938 0.417969 0.074219 0.074219
0 0.066406 0.652344 0.062500 0.062500
0 0.455078 0.716797 0.015625 0.015625
0 0.429688 0.480469 0.015625 0.015625
0 0.736328 0.716797 0.039062 0.039062
0 0.000000 0.646484 0.046875 0.046875
0 0.759766 0.818359 0.015625 0.015625
0 0.722656 0.460938 0.039062 0.039062
0 0.500000 0.306641 0.031250 0.031250
0 0.537109 0.648438 0.019531 0.019531
0 0.652344 0.273438 0.015625 0.015625
0 0.875000 0.361328 0.015625 0.015625
0 0.333984 0.445312 0.019531 0.019531
0 0.576172 0.412109 0.019531 0.019531
0 0.111328 0.314453 0.027344 0.027344
0 0.914062 0.324219 0.019531 0.019531
0 0.677734 0.216797 0.019531 0.019531
0 0.269531 0.335938 0.039062 0.039062
0 0.806641 0.400391 0.027344 0.027344
0 0.556641 0.794922 0.050781 0.050781
0 0.919922 0.574219 0.046875 0.046875
0 0.435547 0.769531 0.015625 0.015625
0 0.380859 0.681641 0.015625 0.015625
0 0.630859 0.796875 0.035156 0.035156
0 0.382812 0.361328 0.015625 0.015625
0 0.656250 0.716797 0.042969 0.042969
0 0.125000 0.617188 0.062500 0.062500
0 0.998047 0.646484 0.082031 0.082031
0 0.425781 0.263672 0.031250 0.031250
0 0.486328 0.330078 0.015625 0.015625
0 0.734375 0.867188 0.070312 0.070312
0 0.441406 0.000000 0.046875 0.046875
0 0.685547 0.693359 0.023438 0.023438
0 0.203125 0.183594 0.031250 0.031250
0 0.626953 0.175781 0.050781 0.050781
0 0.193359 0.615234 0.023438 0.023438
0 0.457031 0.759766 0.019531 0.019531
0 0.875000 0.460938 0.039062 0.039062
0 0.656250 0.410156 0.031250 0.031250
0 0.306641 0.488281 0.019531 0.019531
0 0.845703 0.732422 0.019531 0.019531
0 0.041016 0.255859 0.023438 0.023438
0 0.275391 0.597656 0.027344 0.027344
0 0.800781 0.580078 0.027344 0.027344
0 0.208984 0.308594 0.015625 0.015625
0 0.251953 0.308594 0.019531 0.019531
0 0.781250 0.468750 0.031250 0.031250
0 0.105469 0.673828 0.023438 0.023438
0 0.789062 0.431641 0.019531 0.019531
0 0.845703 0.660156 0.027344 0.027344
0 0.101562 0.902344 0.074219 0.074219
0 0.505859 0.623047 0.031250 0.031250
0 0.537109 0.691406 0.015625 0.015625
0 0.476562 0.228516 0.023438 0.023438
0 0.757812 0.599609 0.019531 0.019531
0 0.796875 0.998047 0.066406 0.066406
0 0.205078 0.001953 0.074219 0.074219
0 0.949219 0.335938 0.050781 0.050781
0 0.861328 0.023438 0.035156 0.035156
0 0.294922 0.509766 0.027344 0.027344
0 0.351562 0.669922 0.027344 0.027344
0 0.216797 0.773438 0.027344 0.027344
0 0.121094 0.558594 0.015625 0.015625
0 0.484375 0.464844 0.027344 0.027344
0 0.929688 0.878906 0.027344 0.027344
0 0.128906 0.486328 0.019531 0.019531
0 0.146484 0.691406 0.042969 0.042969
0 0.554688 0.638672 0.019531 0.019531
0 0.335938 0.000000 0.039062 0.039062
0 0.699219 0.712891 0.019531 0.019531
0 0.523438 0.669922 0.015625 0.015625
0 0.339844 0.816406 0.015625 0.015625
0 0.382812 0.000000 0.042969 0.042969
0 0.392578 0.976562 0.054688 0.054688
0 0.423828 0.660156 0.023438 0.023438
0 0.302734 0.939453 0.015625 0.015625
0 0.259766 0.509766 0.023438 0.023438
0 0.287109 0.488281 0.015625 0.015625
0 0.466797 0.136719 0.031250 0.031250
0 0.761719 0.779297 0.054688 0.054688
0 0.269531 0.257812 0.027344 0.027344
0 0.595703 0.791016 0.027344 0.027344
0 0.800781 0.662109 0.015625 0.015625
0 0.802734 0.603516 0.019531 0.019531
0 0.806641 0.761719 0.023438 0.023438
0 0.738281 0.177734 0.031250 0.031250
0 0.781250 0.605469 0.023438 0.023438
0 0.107422 0.828125 0.039062 0.039062
0 0.572266 0.878906 0.035156 0.035156
0 0.738281 0.585938 0.019531 0.019531
0 0.847656 0.476562 0.023438 0.023438
0 0.500000 0.593750 0.027344 0.027344
0 0.687500 0.833984 0.019531 0.019531
0 0.449219 0.851562 0.023438 0.023438
0 0.394531 0.029297 0.019531 0.019531
0 0.675781 0.134766 0.023438 0.023438
0 0.474609 0.083984 0.039062 0.039062
0 0.759766 0.625000 0.015625 0.015625
0 0.283203 0.990234 0.039062 0.039062
0 0.367188 0.154297 0.023438 0.023438
0 0.535156 0.197266 0.019531 0.019531
0 0.560547 0.449219 0.019531 0.019531
0 0.894531 0.433594 0.015625 0.015625
0 0.162109 0.423828 0.031250 0.031250
0 0.906250 0.837891 0.062500 0.062500
0 0.890625 0.599609 0.027344 0.027344
0 0.541016 0.443359 0.015625 0.015625
0 0.000000 0.888672 0.027344 0.027344
0 0.068359 0.388672 0.019531 0.019531
0 0.027344 0.724609 0.023438 0.023438
0 0.240234 0.568359 0.015625 0.015625
0 0.476562 0.408203 0.015625 0.015625
0 0.316406 0.394531 0.019531 0.019531
0 0.000000 0.568359 0.074219 0.074219
0 0.818359 0.537109 0.023438 0.023438
0 0.705078 0.212891 0.015625 0.015625
0 0.505859 0.138672 0.031250 0.031250
0 0.154297 0.855469 0.039062 0.039062
0 0.482422 0.699219 0.015625 0.015625
0 0.699219 0.998047 0.039062 0.039062
0 0.921875 0.523438 0.039062 0.039062
0 0.970703 0.291016 0.046875 0.046875
0 0.439453 0.460938 0.015625 0.015625
0 0.326172 0.111328 0.019531 0.019531
0 0.998047 0.357422 0.042969 0.042969
0 0.343750 0.642578 0.015625 0.015625
0 0.363281 0.341797 0.019531 0.019531
0 0.783203 0.687500 0.035156 0.035156
0 0.501953 0.406250 0.027344 0.027344
0 0.478516 0.628906 0.019531 0.019531
0 0.197266 0.814453 0.019531 0.019531
0 0.730469 0.222656 0.023438 0.023438
0 0.712891 0.582031 0.015625 0.015625
0 0.251953 0.216797 0.039062 0.039062
0 0.406250 0.871094 0.054688 0.054688
