0 0.099609 0.353516 0.023438 0.023438
0 0.628906 0.289062 0.015625 0.015625
0 0.728516 0.675781 0.046875 0.046875
0 0.621094 0.560547 0.089844 0.089844
0 0.712891 0.558594 0.082031 0.082031
0 0.841797 0.654297 0.039062 0.039062
0 0.546875 0.570312 0.050781 0.050781
0 0.412109 0.666016 0.050781 0.050781
0 0.527344 0.634766 0.039062 0.039062
0 0.425781 0.587891 0.027344 0.027344
0 0.607422 0.417969 0.070312 0.070312
0 0.419922 0.613281 0.023438 0.023438
0 0.201172 0.445312 0.058594 0.058594
0 0.853516 0.441406 0.019531 0.019531
0 0.384766 0.607422 0.046875 0.046875
0 0.355469 0.009766 0.035156 0.035156
0 0.263672 0.701172 0.070312 0.070312
0 0.531250 0.664062 0.015625 0.015625
0 0.162109 0.679688 0.070312 0.070312
0 0.275391 0.914062 0.015625 0.015625
0 0.429688 0.476562 0.062500 0.062500
0 0.880859 0.392578 0.078125 0.078125
0 0.566406 0.451172 0.031250 0.031250
0 0.259766 0.201172 0.085938 0.085938
0 0.484375 0.369141 0.046875 0.046875
0 0.503906 0.486328 0.050781 0.050781
0 0.248047 0.488281 0.023438 0.023438
0 0.531250 0.710938 0.027344 0.027344
0 0.697266 0.359375 0.089844 0.089844
0 0.822266 0.712891 0.031250 0.031250
0 0.582031 0.689453 0.042969 0.042969
0 0.000000 0.421875 0.015625 0.015625
0 0.650391 0.505859 0.031250 0.031250
0 0.636719 0.722656 0.074219 0.074219
0 0.527344 0.433594 0.015625 0.015625
0 0.734375 0.474609 0.050781 0.050781
0 0.273438 0.357422 0.046875 0.046875
0 0.462891 0.201172 0.027344 0.027344
0 0.074219 0.679688 0.042969 0.042969
0 0.582031 0.273438 0.023438 0.023438
0 0.394531 0.410156 0.035156 0.035156
0 0.195312 0.382812 0.042969 0.042969
0 0.460938 0.328125 0.015625 0.015625
0 0.388672 0.525391 0.062500 0.062500
0 0.466797 0.664062 0.031250 0.031250
0 0.578125 0.359375 0.027344 0.027344
0 0.191406 0.267578 0.027344 0.027344
0 0.396484 0.716797 0.042969 0.042969
0 0.466797 0.250000 0.039062 0.039062
0 0.888672 0.771484 0.093750 0.093750
0 0.441406 0.353516 0.015625 0.015625
0 0.687500 0.134766 0.082031 0.082031
0 0.470703 0.738281 0.023438 0.023438
0 0.337891 0.310547 0.078125 0.078125
0 0.707031 0.218750 0.042969 0.042969
0 0.466797 0.621094 0.042969 0.042969
0 0.384766 0.792969 0.019531 0.019531
0 0.601562 0.482422 0.023438 0.023438
0 0.597656 0.615234 0.027344 0.027344
0 0.363281 0.107422 0.082031 0.082031
0 0.146484 0.308594 0.027344 0.027344
0 0.291016 0.464844 0.027344 0.027344
0 0.794922 0.322266 0.054688 0.054688
0 0.455078 0.708984 0.023438 0.023438
0 0.578125 0.474609 0.019531 0.019531
0 0.355469 0.568359 0.039062 0.039062
0 0.615234 0.271484 0.027344 0.027344
0 0.103516 0.554688 0.042969 0.042969
0 0.677734 0.667969 0.039062 0.039062
0 0.523438 0.828125 0.027344 0.027344
0 0.302734 0.492188 0.023438 0.023438
0 0.248047 0.548828 0.023438 0.023438
0 0.212891 0.662109 0.031250 0.031250
0 0.072266 0.458984 0.042969 0.042969
0 0.541016 0.900391 0.050781 0.050781
0 0.322266 0.537109 0.050781 0.050781
0 0.636719 0.214844 0.074219 0.074219
0 0.503906 0.755859 0.023438 0.023438
0 0.267578 0.746094 0.019531 0.019531
0 0.714844 0.425781 0.042969 0.042969
0 0.384766 0.572266 0.015625 0.015625
0 0.507812 0.591797 0.035156 0.035156
0 0.380859 0.441406 0.019531 0.019531
0 0.681641 0.269531 0.027344 0.027344
0 0.257812 0.412109 0.062500 0.062500
0 0.189453 0.597656 0.019531 0.019531
0 0.466797 0.562500 0.062500 0.062500
0 0.548828 0.496094 0.031250 0.031250
0 0.802734 0.533203 0.050781 0.050781
0 0.337891 0.386719 0.027344 0.027344
0 0.416016 0.300781 0.074219 0.074219
0 0.355469 0.201172 0.023438 0.023438
0 0.886719 0.476562 0.023438 0.023438
0 0.818359 0.382812 0.039062 0.039062
0 0.550781 0.390625 0.015625 0.015625
0 0.791016 0.591797 0.015625 0.015625
0 0.474609 0.292969 0.042969 0.042969
0 0.503906 0.000000 0.027344 0.027344
0 0.535156 0.341797 0.062500 0.062500
0 0.304688 0.642578 0.042969 0.042969
0 0.513672 0.087891 0.027344 0.027344
0 0.708984 0.841797 0.058594 0.058594
0 0.453125 0.412109 0.058594 0.058594
0 0.843750 0.349609 0.035156 0.035156
0 0.781250 0.669922 0.039062 0.039062
0 0.308594 0.375000 0.027344 0.027344
0 0.662109 0.437500 0.015625 0.015625
0 0.402344 0.820312 0.042969 0.042969
0 0.583984 0.142578 0.074219 0.074219
0 0.578125 0.652344 0.015625 0.015625
0 0.521484 0.208984 0.058594 0.058594
0 0.431641 0.771484 0.070312 0.070312
0 0.271484 0.580078 0.015625 0.015625
0 0.322266 0.585938 0.015625 0.015625
0 0.554688 0.070312 0.027344 0.027344
0 0.087891 0.775391 0.082031 0.082031
0 0.558594 0.794922 0.031250 0.031250
0 0.525391 0.257812 0.015625 0.015625
0 0.197266 0.289062 0.015625 0.015625
0 0.650391 0.896484 0.078125 0.078125
0 0.677734 0.484375 0.031250 0.031250
0 0.748047 0.324219 0.027344 0.027344
0 0.359375 0.699219 0.015625 0.015625
0 0.330078 0.498047 0.019531 0.019531
0 0.347656 0.910156 0.062500 0.062500
0 0.917969 0.347656 0.015625 0.015625
0 0.890625 0.181641 0.027344 0.027344
0 0.800781 0.613281 0.015625 0.015625
0 0.224609 0.589844 0.046875 0.046875
0 0.371094 0.220703 0.019531 0.019531
0 0.488281 0.431641 0.019531 0.019531
0 0.953125 0.736328 0.046875 0.046875
0 0.244141 0.130859 0.035156 0.035156
0 0.193359 0.560547 0.031250 0.031250
0 0.052734 0.623047 0.066406 0.066406
0 0.824219 0.470703 0.035156 0.035156
0 0.839844 0.517578 0.027344 0.027344
0 0.298828 0.431641 0.023438 0.023438
0 0.785156 0.869141 0.015625 0.015625
0 0.546875 0.408203 0.015625 0.015625
0 0.542969 0.267578 0.015625 0.015625
0 0.447266 0.646484 0.015625 0.015625
0 0.365234 0.667969 0.031250 0.031250
0 0.871094 0.593750 0.046875 0.046875
0 0.371094 0.972656 0.042969 0.042969
0 0.335938 0.462891 0.042969 0.042969
0 0.152344 0.824219 0.054688 0.054688
0 0.714844 0.734375 0.070312 0.070312
0 0.830078 0.265625 0.058594 0.058594
0 0.546875 0.529297 0.023438 0.023438
0 0.511719 0.445312 0.019531 0.019531
0 0.582031 0.330078 0.015625 0.015625
0 0.722656 0.298828 0.031250 0.031250
0 0.396484 0.357422 0.019531 0.019531
0 0.591797 0.748047 0.023438 0.023438
0 0.130859 0.447266 0.046875 0.046875
0 0.476562 0.812500 0.042969 0.042969
0 0.000000 0.169922 0.035156 0.035156
0 0.468750 0.505859 0.019531 0.019531
0 0.667969 0.832031 0.015625 0.015625
0 0.601562 0.000000 0.074219 0.074219
0 0.341797 0.630859 0.023438 0.023438
0 0.609375 0.804688 0.046875 0.046875
0 0.849609 0.695312 0.023438 0.023438
0 0.763672 0.740234 0.027344 0.027344
0 0.744141 0.400391 0.031250 0.031250
0 0.689453 0.615234 0.015625 0.015625
0 0.333984 0.419922 0.015625 0.015625
0 0.593750 0.636719 0.015625 0.015625
0 0.417969 0.914062 0.070312 0.070312
0 0.363281 0.412109 0.023438 0.023438
0 0.187500 0.777344 0.050781 0.050781
0 0.560547 0.722656 0.031250 0.031250
0 0.492188 0.724609 0.015625 0.015625
0 0.498047 0.404297 0.023438 0.023438
0 0.755859 0.638672 0.015625 0.015625
0 0.509766 0.695312 0.015625 0.015625
0 0.773438 0.556641 0.019531 0.019531
0 0.322266 0.792969 0.050781 0.050781
0 0.478516 0.455078 0.019531 0.019531
0 0.757812 0.517578 0.031250 0.031250
0 0.841797 0.316406 0.019531 0.019531
0 0.341797 0.173828 0.019531 0.019531
0 0.175781 0.876953 0.031250 0.031250
0 0.966797 0.359375 0.054688 0.054688
0 0.242188 0.794922 0.015625 0.015625
0 0.972656 0.447266 0.054688 0.054688
0 0.082031 0.511719 0.027344 0.027344
0 0.251953 0.308594 0.050781 0.050781
0 0.779297 0.208984 0.050781 0.050781
0 0.568359 0.304688 0.015625 0.015625
0 0.626953 0.634766 0.039062 0.039062
0 0.964844 0.998047 0.050781 0.050781
0 0.261719 0.613281 0.023438 0.023438
0 0.025391 0.720703 0.078125 0.078125
0 0.244141 0.765625 0.031250 0.031250
0 0.982422 0.523438 0.035156 0.035156
0 0.628906 0.367188 0.039062 0.039062
0 0.121094 0.611328 0.039062 0.039062
0 0.333984 0.847656 0.050781 0.050781
0 0.843750 0.191406 0.066406 0.066406
0 0.853516 0.550781 0.042969 0.042969
0 0.091797 0.964844 0.078125 0.078125
0 0.193359 0.328125 0.062500 0.062500
0 0.279297 0.542969 0.031250 0.031250
0 0.302734 0.058594 0.066406 0.066406
0 0.892578 0.646484 0.015625 0.015625
0 0.941406 0.503906 0.050781 0.050781
0 0.568359 0.605469 0.031250 0.031250
0 0.263672 0.097656 0.031250 0.031250
0 0.136719 0.232422 0.050781 0.050781
0 0.529297 0.998047 0.078125 0.078125
0 0.779297 0.451172 0.019531 0.019531
0 0.625000 0.333984 0.019531 0.019531
0 0.802734 0.765625 0.023438 0.023438
0 0.226562 0.537109 0.023438 0.023438
0 0.435547 0.087891 0.019531 0.019531
0 0.328125 0.726562 0.042969 0.042969
0 0.226562 0.896484 0.074219 0.074219
0 0.970703 0.599609 0.050781 0.050781
0 0.482422 0.132812 0.039062 0.039062
0 0.099609 0.177734 0.062500 0.062500
0 0.767578 0.998047 0.078125 0.078125
0 0.421875 0.238281 0.019531 0.019531
0 0.500000 0.314453 0.023438 0.023438
0 0.830078 0.623047 0.023438 0.023438
0 0.212891 0.501953 0.042969 0.042969
0 0.919922 0.257812 0.035156 0.035156
0 0.683594 0.802734 0.023438 0.023438
0 0.220703 0.804688 0.019531 0.019531
0 0.017578 0.318359 0.089844 0.089844
0 0.455078 0.970703 0.027344 0.027344
0 0.527344 0.154297 0.027344 0.027344
0 0.453125 0.025391 0.062500 0.062500
0 0.166016 0.511719 0.031250 0.031250
0 0.523438 0.853516 0.015625 0.015625
0 0.156250 0.583984 0.042969 0.042969
0 0.591797 0.941406 0.054688 0.054688
0 0.314453 0.402344 0.023438 0.023438
0 0.888672 0.230469 0.027344 0.027344
0 0.187500 0.644531 0.015625 0.015625
0 0.289062 0.250000 0.023438 0.023438
0 0.000000 0.542969 0.039062 0.039062
0 0.333984 0.683594 0.027344 0.027344
0 0.171875 0.414062 0.015625 0.015625
0 0.650391 0.394531 0.023438 0.023438
0 0.660156 0.291016 0.031250 0.031250
0 0.300781 0.582031 0.019531 0.019531
0 0.412109 0.152344 0.046875 0.046875
0 0.660156 0.630859 0.027344 0.027344
0 0.826172 0.839844 0.082031 0.082031
0 0.289062 0.835938 0.023438 0.023438
0 0.478516 0.693359 0.027344 0.027344
0 0.208984 0.000000 0.093750 0.093750
0 0.736328 0.132812 0.015625 0.015625
0 0.822266 0.421875 0.023438 0.023438
0 0.277344 0.894531 0.019531 0.019531
0 0.490234 0.845703 0.019531 0.019531
0 0.765625 0.054688 0.031250 0.031250
0 0.287109 0.816406 0.015625 0.015625
0 0.781250 0.638672 0.015625 0.015625
0 0.376953 0.478516 0.031250 0.031250
0 0.582031 0.841797 0.031250 0.031250
0 0.212891 0.710938 0.023438 0.023438
0 0.156250 0.365234 0.015625 0.015625
0 0.667969 0.531250 0.019531 0.019531
0 0.408203 0.568359 0.019531 0.019531
0 0.500000 0.671875 0.023438 0.023438
0 0.865234 0.146484 0.023438 0.023438
0 0.582031 0.232422 0.027344 0.027344
0 0.000000 0.480469 0.062500 0.062500
0 0.234375 0.339844 0.015625 0.015625
0 0.714844 0.617188 0.019531 0.019531
0 0.537109 0.000000 0.019531 0.019531
0 0.775391 0.121094 0.035156 0.035156
0 0.138672 0.367188 0.019531 0.019531
0 0.244141 0.990234 0.085938 0.085938
0 0.716797 0.507812 0.015625 0.015625
0 0.500000 0.525391 0.015625 0.015625
0 0.478516 0.523438 0.015625 0.015625
0 0.330078 0.755859 0.015625 0.015625
0 0.525391 0.533203 0.019531 0.019531
0 0.634766 0.087891 0.042969 0.042969
0 0.246094 0.263672 0.031250 0.031250
0 0.527344 0.406250 0.023438 0.023438
0 0.148438 0.550781 0.023438 0.023438
0 0.234375 0.060547 0.023438 0.023438
0 0.486328 0.222656 0.015625 0.015625
0 0.751953 0.591797 0.019531 0.019531
0 0.912109 0.521484 0.015625 0.015625
0 0.646484 0.455078 0.031250 0.031250
0 0.289062 0.281250 0.015625 0.015625
0 0.386719 0.246094 0.031250 0.031250
0 0.742188 0.201172 0.023438 0.023438
0 0.712891 0.068359 0.054688 0.054688
0 0.285156 0.775391 0.023438 0.023438
0 0.966797 0.675781 0.054688 0.054688
0 0.382812 0.187500 0.027344 0.027344
0 0.767578 0.798828 0.031250 0.031250
0 0.429688 0.375000 0.023438 0.023438
0 0.277344 0.494141 0.019531 0.019531
0 0.431641 0.535156 0.023438 0.023438
0 0.503906 0.263672 0.023438 0.023438
0 0.250000 0.833984 0.054688 0.054688
0 0.416016 0.212891 0.023438 0.023438
0 0.867188 0.068359 0.035156 0.035156
0 0.568359 0.763672 0.031250 0.031250
0 0.566406 0.205078 0.027344 0.027344
0 0.605469 0.998047 0.042969 0.042969
0 0.156250 0.425781 0.015625 0.015625
0 0.382812 0.763672 0.027344 0.027344
0 0.773438 0.488281 0.031250 0.031250
0 0.333984 0.224609 0.039062 0.039062
0 0.281250 0.800781 0.015625 0.015625
0 0.246094 0.523438 0.019531 0.019531
0 0.257812 0.462891 0.015625 0.015625
0 0.093750 0.398438 0.015625 0.015625
0 0.798828 0.896484 0.027344 0.027344
0 0.605469 0.767578 0.015625 0.015625
0 0.738281 0.625000 0.015625 0.015625
0 0.304688 0.000000 0.015625 0.015625
0 0.207031 0.162109 0.015625 0.015625
0 0.599609 0.308594 0.035156 0.035156
0 0.189453 0.740234 0.023438 0.023438
0 0.111328 0.650391 0.019531 0.019531
0 0.646484 0.669922 0.023438 0.023438
0 0.373047 0.361328 0.027344 0.027344
0 0.769531 0.371094 0.015625 0.015625
0 0.195312 0.228516 0.035156 0.035156
0 0.435547 0.710938 0.015625 0.015625
0 0.619141 0.669922 0.015625 0.015625
0 0.777344 0.707031 0.035156 0.035156
0 0.998047 0.109375 0.023438 0.023438
0 0.757812 0.439453 0.015625 0.015625
0 0.304688 0.609375 0.019531 0.019531
0 0.685547 0.986328 0.074219 0.074219
0 0.554688 0.421875 0.015625 0.015625
0 0.849609 0.947266 0.031250 0.031250
0 0.740234 0.015625 0.050781 0.050781
0 0.462891 0.523438 0.015625 0.015625
0 0.556641 0.183594 0.019531 0.019531
0 0.482422 0.328125 0.015625 0.015625
0 0.623047 0.474609 0.019531 0.019531
0 0.279297 0.515625 0.023438 0.023438
0 0.789062 0.271484 0.015625 0.015625
0 0.123047 0.498047 0.019531 0.019531
0 0.552734 0.658203 0.019531 0.019531
0 0.531250 0.294922 0.027344 0.027344
0 0.740234 0.246094 0.015625 0.015625
0 0.789062 0.417969 0.035156 0.035156
0 0.060547 0.242188 0.062500 0.062500
0 0.494141 0.896484 0.039062 0.039062
0 0.216797 0.750000 0.015625 0.015625
0 0.142578 0.390625 0.015625 0.015625
0 0.345703 0.599609 0.019531 0.019531
0 0.066406 0.382812 0.023438 0.023438
0 0.859375 0.322266 0.015625 0.015625
0 0.488281 0.939453 0.042969 0.042969
0 0.554688 0.251953 0.023438 0.023438
0 0.714844 0.935547 0.015625 0.015625
0 0.656250 0.810547 0.031250 0.031250
0 0.681641 0.419922 0.019531 0.019531
0 0.951172 0.392578 0.015625 0.015625
0 0.654297 0.607422 0.015625 0.015625
0 0.458984 0.853516 0.039062 0.039062
0 0.308594 0.134766 0.031250 0.031250
0 0.326172 0.603516 0.015625 0.015625
0 0.000000 0.246094 0.058594 0.058594
0 0.613281 0.505859 0.019531 0.019531
0 0.759766 0.271484 0.039062 0.039062
0 0.533203 0.460938 0.019531 0.019531
