0 0.615234 0.777344 0.078125 0.078125
0 0.433594 0.392578 0.042969 0.042969
0 0.591797 0.656250 0.015625 0.015625
0 0.494141 0.468750 0.093750 0.093750
0 0.708984 0.501953 0.093750 0.093750
0 0.501953 0.367188 0.093750 0.093750
0 0.544922 0.603516 0.023438 0.023438
0 0.880859 0.527344 0.054688 0.054688
0 0.027344 0.644531 0.031250 0.031250
0 0.763672 0.683594 0.015625 0.015625
0 0.501953 0.736328 0.019531 0.019531
0 0.197266 0.498047 0.078125 0.078125
0 0.191406 0.736328 0.019531 0.019531
0 0.357422 0.460938 0.066406 0.066406
0 0.548828 0.525391 0.027344 0.027344
0 0.417969 0.611328 0.093750 0.093750
0 0.531250 0.425781 0.015625 0.015625
0 0.566406 0.673828 0.042969 0.042969
0 0.617188 0.574219 0.019531 0.019531
0 0.498047 0.652344 0.082031 0.082031
0 0.037109 0.490234 0.058594 0.058594
0 0.191406 0.550781 0.027344 0.027344
0 0.718750 0.837891 0.085938 0.085938
0 0.613281 0.185547 0.058594 0.058594
0 0.382812 0.720703 0.058594 0.058594
0 0.429688 0.253906 0.074219 0.074219
0 0.576172 0.623047 0.039062 0.039062
0 0.626953 0.998047 0.015625 0.015625
0 0.638672 0.337891 0.019531 0.019531
0 0.861328 0.660156 0.058594 0.058594
0 0.265625 0.599609 0.042969 0.042969
0 0.429688 0.843750 0.035156 0.035156
0 0.332031 0.535156 0.085938 0.085938
0 0.519531 0.857422 0.089844 0.089844
0 0.265625 0.759766 0.054688 0.054688
0 0.373047 0.570312 0.015625 0.015625
0 0.457031 0.757812 0.054688 0.054688
0 0.333984 0.660156 0.050781 0.050781
0 0.353516 0.371094 0.074219 0.074219
0 0.064453 0.753906 0.074219 0.074219
0 0.720703 0.576172 0.050781 0.050781
0 0.402344 0.876953 0.027344 0.027344
0 0.730469 0.365234 0.089844 0.089844
0 0.667969 0.421875 0.054688 0.054688
0 0.507812 0.552734 0.031250 0.031250
0 0.505859 0.593750 0.015625 0.015625
0 0.425781 0.316406 0.019531 0.019531
0 0.847656 0.091797 0.093750 0.093750
0 0.574219 0.339844 0.023438 0.023438
0 0.644531 0.294922 0.015625 0.015625
0 0.402344 0.533203 0.050781 0.050781
0 0.677734 0.097656 0.046875 0.046875
0 0.865234 0.619141 0.015625 0.015625
0 0.474609 0.580078 0.027344 0.027344
0 0.687500 0.630859 0.042969 0.042969
0 0.271484 0.310547 0.031250 0.031250
0 0.630859 0.439453 0.015625 0.015625
0 0.226562 0.597656 0.031250 0.031250
0 0.546875 0.154297 0.046875 0.046875
0 0.191406 0.660156 0.085938 0.085938
0 0.468750 0.880859 0.019531 0.019531
0 0.560547 0.357422 0.015625 0.015625
0 0.804688 0.488281 0.015625 0.015625
0 0.591797 0.392578 0.031250 0.031250
0 0.236328 0.439453 0.027344 0.027344
0 0.242188 0.248047 0.039062 0.039062
0 0.814453 0.787109 0.058594 0.058594
0 0.367188 0.275391 0.027344 0.027344
0 0.123047 0.517578 0.027344 0.027344
0 0.449219 0.324219 0.019531 0.019531
0 0.621094 0.621094 0.042969 0.042969
0 0.232422 0.792969 0.035156 0.035156
0 0.613281 0.523438 0.027344 0.027344
0 0.121094 0.609375 0.082031 0.082031
0 0.298828 0.201172 0.089844 0.089844
0 0.925781 0.423828 0.070312 0.070312
0 0.421875 0.488281 0.042969 0.042969
0 0.716797 0.000000 0.054688 0.054688
0 0.580078 0.292969 0.050781 0.050781
0 0.966797 0.646484 0.093750 0.093750
0 0.613281 0.712891 0.015625 0.015625
0 0.400391 0.384766 0.019531 0.019531
0 0.164062 0.810547 0.089844 0.089844
0 0.199219 0.011719 0.062500 0.062500
0 0.824219 0.607422 0.066406 0.066406
0 0.707031 0.296875 0.039062 0.039062
0 0.271484 0.464844 0.023438 0.023438
0 0.621094 0.888672 0.066406 0.066406
0 0.552734 0.779297 0.015625 0.015625
0 0.724609 0.734375 0.085938 0.085938
0 0.554688 0.728516 0.042969 0.042969
0 0.154297 0.345703 0.035156 0.035156
0 0.910156 0.687500 0.031250 0.031250
0 0.437500 0.171875 0.050781 0.050781
0 0.998047 0.576172 0.031250 0.031250
0 0.576172 0.517578 0.019531 0.019531
0 0.000000 0.998047 0.042969 0.042969
0 0.570312 0.240234 0.046875 0.046875
0 0.708984 0.255859 0.027344 0.027344
0 0.076172 0.378906 0.023438 0.023438
0 0.310547 0.414062 0.031250 0.031250
0 0.423828 0.921875 0.019531 0.019531
0 0.589844 0.478516 0.019531 0.019531
0 0.480469 0.265625 0.019531 0.019531
0 0.564453 0.414062 0.015625 0.015625
0 0.818359 0.537109 0.027344 0.027344
0 0.601562 0.365234 0.019531 0.019531
0 0.478516 0.125000 0.035156 0.035156
0 0.875000 0.591797 0.027344 0.027344
0 0.644531 0.478516 0.027344 0.027344
0 0.667969 0.671875 0.027344 0.027344
0 0.232422 0.998047 0.058594 0.058594
0 0.326172 0.123047 0.046875 0.046875
0 0.650391 0.257812 0.039062 0.039062
0 0.509766 0.078125 0.019531 0.019531
0 0.589844 0.855469 0.015625 0.015625
0 0.458984 0.529297 0.035156 0.035156
0 0.910156 0.224609 0.050781 0.050781
0 0.488281 0.791016 0.019531 0.019531
0 0.058594 0.832031 0.058594 0.058594
0 0.615234 0.384766 0.015625 0.015625
0 0.566406 0.554688 0.039062 0.039062
0 0.765625 0.556641 0.039062 0.039062
0 0.595703 0.003906 0.031250 0.031250
0 0.744141 0.230469 0.031250 0.031250
0 0.802734 0.511719 0.023438 0.023438
0 0.517578 0.267578 0.019531 0.019531
0 0.076172 0.343750 0.015625 0.015625
0 0.318359 0.271484 0.015625 0.015625
0 0.419922 0.435547 0.035156 0.035156
0 0.740234 0.441406 0.015625 0.015625
0 0.294922 0.347656 0.046875 0.046875
0 0.808594 0.261719 0.074219 0.074219
0 0.408203 0.785156 0.015625 0.015625
0 0.201172 0.380859 0.046875 0.046875
0 0.804688 0.410156 0.058594 0.058594
0 0.431641 0.353516 0.027344 0.027344
0 0.064453 0.615234 0.019531 0.019531
0 0.552734 0.476562 0.019531 0.019531
0 0.322266 0.603516 0.042969 0.042969
0 0.623047 0.281250 0.015625 0.015625
0 0.677734 0.177734 0.015625 0.015625
0 0.255859 0.550781 0.031250 0.031250
0 0.345703 0.417969 0.019531 0.019531
0 0.621094 0.103516 0.058594 0.058594
0 0.435547 0.677734 0.015625 0.015625
0 0.998047 0.234375 0.070312 0.070312
0 0.599609 0.328125 0.015625 0.015625
0 0.265625 0.445312 0.015625 0.015625
0 0.570312 0.974609 0.058594 0.058594
0 0.029297 0.689453 0.058594 0.058594
0 0.666016 0.464844 0.019531 0.019531
0 0.382812 0.220703 0.019531 0.019531
0 0.265625 0.675781 0.023438 0.023438
0 0.583984 0.705078 0.019531 0.019531
0 0.275391 0.490234 0.027344 0.027344
0 0.490234 0.207031 0.019531 0.019531
0 0.179688 0.439453 0.039062 0.039062
0 0.597656 0.449219 0.027344 0.027344
0 0.443359 0.025391 0.078125 0.078125
0 0.826172 0.496094 0.019531 0.019531
0 0.404297 0.089844 0.035156 0.035156
0 0.998047 0.285156 0.019531 0.019531
0 0.027344 0.289062 0.078125 0.078125
0 0.482422 0.296875 0.023438 0.023438
0 0.398438 0.462891 0.015625 0.015625
0 0.822266 0.873047 0.027344 0.027344
0 0.609375 0.671875 0.019531 0.019531
0 0.638672 0.710938 0.019531 0.019531
0 0.447266 0.505859 0.015625 0.015625
0 0.509766 0.984375 0.046875 0.046875
0 0.738281 0.115234 0.078125 0.078125
0 0.746094 0.601562 0.019531 0.019531
0 0.363281 0.792969 0.035156 0.035156
0 0.970703 0.337891 0.046875 0.046875
0 0.560547 0.386719 0.027344 0.027344
0 0.669922 0.318359 0.019531 0.019531
0 0.865234 0.392578 0.050781 0.050781
0 0.460938 0.216797 0.019531 0.019531
0 0.455078 0.689453 0.015625 0.015625
0 0.123047 0.207031 0.023438 0.023438
0 0.789062 0.699219 0.031250 0.031250
0 0.359375 0.998047 0.042969 0.042969
0 0.667969 0.580078 0.039062 0.039062
0 0.064453 0.556641 0.019531 0.019531
0 0.171875 0.199219 0.035156 0.035156
0 0.433594 0.722656 0.023438 0.023438
0 0.652344 0.521484 0.015625 0.015625
0 0.517578 0.607422 0.015625 0.015625
0 0.628906 0.398438 0.019531 0.019531
0 0.076172 0.419922 0.058594 0.058594
0 0.250000 0.380859 0.031250 0.031250
0 0.863281 0.300781 0.015625 0.015625
0 0.582031 0.587891 0.023438 0.023438
0 0.154297 0.259766 0.089844 0.089844
0 0.275391 0.722656 0.019531 0.019531
0 0.337891 0.759766 0.015625 0.015625
0 0.576172 0.035156 0.019531 0.019531
0 0.779297 0.527344 0.023438 0.023438
0 0.138672 0.548828 0.019531 0.019531
0 0.390625 0.277344 0.015625 0.015625
0 0.611328 0.246094 0.023438 0.023438
0 0.742188 0.187500 0.027344 0.027344
0 0.619141 0.468750 0.023438 0.023438
0 0.775391 0.472656 0.031250 0.031250
0 0.667969 0.710938 0.023438 0.023438
0 0.859375 0.730469 0.054688 0.054688
0 0.769531 0.621094 0.015625 0.015625
0 0.724609 0.427734 0.023438 0.023438
0 0.335938 0.712891 0.023438 0.023438
0 0.681641 0.042969 0.054688 0.054688
0 0.150391 0.566406 0.019531 0.019531
0 0.556641 0.455078 0.023438 0.023438
0 0.656250 0.378906 0.019531 0.019531
0 0.398438 0.136719 0.015625 0.015625
0 0.343750 0.306641 0.023438 0.023438
0 0.007812 0.802734 0.019531 0.019531
0 0.082031 0.478516 0.027344 0.027344
0 0.404297 0.998047 0.042969 0.042969
0 0.593750 0.935547 0.015625 0.015625
0 0.460938 0.814453 0.046875 0.046875
0 0.488281 0.228516 0.019531 0.019531
0 0.515625 0.207031 0.023438 0.023438
0 0.199219 0.289062 0.015625 0.015625
0 0.550781 0.203125 0.031250 0.031250
0 0.359375 0.185547 0.031250 0.031250
0 0.000000 0.570312 0.015625 0.015625
0 0.291016 0.625000 0.015625 0.015625
0 0.642578 0.679688 0.023438 0.023438
0 0.892578 0.777344 0.031250 0.031250
0 0.988281 0.492188 0.031250 0.031250
0 0.566406 0.808594 0.015625 0.015625
0 0.291016 0.572266 0.019531 0.019531
0 0.238281 0.343750 0.027344 0.027344
0 0.394531 0.414062 0.019531 0.019531
0 0.410156 0.824219 0.019531 0.019531
0 0.771484 0.310547 0.042969 0.042969
0 0.537109 0.283203 0.019531 0.019531
0 0.812500 0.318359 0.035156 0.035156
0 0.777344 0.804688 0.015625 0.015625
0 0.884766 0.904297 0.023438 0.023438
0 0.767578 0.656250 0.019531 0.019531
0 0.140625 0.728516 0.035156 0.035156
0 0.798828 0.183594 0.015625 0.015625
0 0.332031 0.056641 0.046875 0.046875
0 0.523438 0.236328 0.031250 0.031250
0 0.605469 0.595703 0.015625 0.015625
0 0.619141 0.033203 0.023438 0.023438
0 0.164062 0.912109 0.019531 0.019531
0 0.849609 0.328125 0.039062 0.039062
0 0.271484 0.873047 0.058594 0.058594
0 0.529297 0.000000 0.062500 0.062500
0 0.167969 0.398438 0.023438 0.023438
0 0.460938 0.419922 0.015625 0.015625
0 0.173828 0.871094 0.019531 0.019531
0 0.609375 0.500000 0.019531 0.019531
0 0.242188 0.708984 0.050781 0.050781
0 0.671875 0.775391 0.023438 0.023438
0 0.193359 0.914062 0.023438 0.023438
0 0.998047 0.417969 0.070312 0.070312
0 0.708984 0.998047 0.093750 0.093750
0 0.718750 0.666016 0.019531 0.019531
0 0.455078 0.296875 0.019531 0.019531
0 0.654297 0.351562 0.019531 0.019531
0 0.812500 0.451172 0.023438 0.023438
0 0.000000 0.382812 0.085938 0.085938
0 0.998047 0.730469 0.046875 0.046875
0 0.544922 0.318359 0.023438 0.023438
0 0.087891 0.560547 0.023438 0.023438
0 0.210938 0.113281 0.015625 0.015625
0 0.447266 0.564453 0.015625 0.015625
0 0.683594 0.693359 0.015625 0.015625
0 0.900391 0.591797 0.015625 0.015625
0 0.230469 0.564453 0.015625 0.015625
0 0.523438 0.771484 0.035156 0.035156
0 0.902344 0.628906 0.039062 0.039062
0 0.185547 0.146484 0.062500 0.062500
0 0.361328 0.230469 0.019531 0.019531
0 0.890625 0.810547 0.015625 0.015625
0 0.394531 0.847656 0.023438 0.023438
0 0.492188 0.771484 0.015625 0.015625
0 0.472656 0.714844 0.015625 0.015625
0 0.548828 0.580078 0.015625 0.015625
0 0.289062 0.451172 0.015625 0.015625
0 0.634766 0.550781 0.019531 0.019531
0 0.634766 0.455078 0.015625 0.015625
0 0.835938 0.462891 0.019531 0.019531
0 0.669922 0.736328 0.023438 0.023438
0 0.765625 0.998047 0.015625 0.015625
0 0.753906 0.630859 0.015625 0.015625
0 0.396484 0.160156 0.015625 0.015625
0 0.302734 0.644531 0.015625 0.015625
0 0.650391 0.609375 0.015625 0.015625
0 0.109375 0.457031 0.027344 0.027344
0 0.541016 0.625000 0.015625 0.015625
0 0.906250 0.294922 0.050781 0.050781
0 0.123047 0.679688 0.050781 0.050781
0 0.416016 0.757812 0.027344 0.027344
0 0.384766 0.669922 0.039062 0.039062
0 0.613281 0.419922 0.023438 0.023438
0 0.087891 0.011719 0.085938 0.085938
0 0.238281 0.294922 0.031250 0.031250
0 0.707031 0.447266 0.015625 0.015625
0 0.214844 0.320312 0.015625 0.015625
0 0.357422 0.953125 0.027344 0.027344
0 0.787109 0.363281 0.019531 0.019531
0 0.316406 0.792969 0.031250 0.031250
0 0.650391 0.638672 0.023438 0.023438
0 0.365234 0.251953 0.019531 0.019531
0 0.300781 0.484375 0.015625 0.015625
0 0.236328 0.634766 0.015625 0.015625
0 0.285156 0.263672 0.035156 0.035156
0 0.306641 0.283203 0.015625 0.015625
0 0.576172 0.457031 0.015625 0.015625
0 0.742188 0.931641 0.054688 0.054688
0 0.718750 0.634766 0.015625 0.015625
0 0.277344 0.408203 0.031250 0.031250
0 0.400391 0.957031 0.035156 0.035156
0 0.402344 0.345703 0.019531 0.019531
0 0.357422 0.095703 0.027344 0.027344
0 0.804688 0.839844 0.039062 0.039062
0 0.230469 0.824219 0.015625 0.015625
0 0.576172 0.912109 0.027344 0.027344
0 0.570312 0.072266 0.042969 0.042969
0 0.406250 0.195312 0.027344 0.027344
0 0.798828 0.017578 0.078125 0.078125
0 0.277344 0.693359 0.015625 0.015625
0 0.525391 0.572266 0.015625 0.015625
0 0.513672 0.294922 0.015625 0.015625
0 0.398438 0.324219 0.023438 0.023438
0 0.308594 0.732422 0.031250 0.031250
0 0.580078 0.425781 0.015625 0.015625
0 0.548828 0.648438 0.015625 0.015625
0 0.324219 0.947266 0.023438 0.023438
0 0.642578 0.230469 0.015625 0.015625
0 0.925781 0.546875 0.042969 0.042969
0 0.085938 0.300781 0.035156 0.035156
0 0.263672 0.636719 0.023438 0.023438
0 0.173828 0.751953 0.015625 0.015625
0 0.660156 0.843750 0.019531 0.019531
0 0.310547 0.304688 0.027344 0.027344
0 0.912109 0.742188 0.039062 0.039062
0 0.009766 0.162109 0.066406 0.066406
0 0.367188 0.589844 0.015625 0.015625
0 0.716797 0.214844 0.019531 0.019531
0 0.230469 0.410156 0.023438 0.023438
0 0.871094 0.998047 0.023438 0.023438
0 0.601562 0.564453 0.015625 0.015625
0 0.435547 0.787109 0.015625 0.015625
0 0.677734 0.267578 0.015625 0.015625
0 0.644531 0.212891 0.015625 0.015625
0 0.763672 0.410156 0.015625 0.015625
0 0.406250 0.300781 0.019531 0.019531
0 0.871094 0.460938 0.042969 0.042969
0 0.683594 0.916016 0.058594 0.058594
0 0.199219 0.603516 0.023438 0.023438
0 0.820312 0.476562 0.015625 0.015625
0 0.617188 0.314453 0.027344 0.027344
0 0.373047 0.310547 0.019531 0.019531
0 0.486328 0.914062 0.031250 0.031250
0 0.480469 0.605469 0.015625 0.015625
0 0.128906 0.494141 0.015625 0.015625
0 0.113281 0.330078 0.023438 0.023438
0 0.750000 0.283203 0.019531 0.019531
0 0.373047 0.916016 0.050781 0.050781
0 0.142578 0.443359 0.019531 0.019531
0 0.824219 0.199219 0.031250 0.031250
0 0.369141 0.759766 0.023438 0.023438
0 0.345703 0.269531 0.015625 0.015625
0 0.277344 0.513672 0.015625 0.015625
0 0.310547 0.998047 0.027344 0.027344
0 0.875000 0.570312 0.015625 0.015625
0 0.443359 0.662109 0.015625 0.015625
0 0.646484 0.943359 0.015625 0.015625
