0 0.568359375 0.836181640625 0.142578125 0.07568359375 0.54248046875 0.873046875 1 0.41943359375 0.77734375 1 0.638671875 0.806640625 1
0 0.465576171875 0.707763671875 0.03564453125 0.16748046875 0.44873046875 0.73974609375 1 0.5048828125 0.88232421875 1 0.4677734375 0.625 1
0 0.49658203125 0.79296875 0.142578125 0.1494140625 0.5673828125 0.71875 1 0.3056640625 0.80078125 1 0.52880859375 0.8671875 1
0 0.487060546875 0.84326171875 0.13525390625 0.044921875 0.5537109375 0.86474609375 1 0.4306640625 0.7802734375 1 0.42041015625 0.86328125 1
0 0.421142578125 0.798095703125 0.14697265625 0.10595703125 0.49365234375 0.74609375 1 0.5029296875 0.7412109375 1 0.34814453125 0.8505859375 1
0 0.39208984375 0.742431640625 0.07421875 0.14697265625 0.41650390625 0.81494140625 1 0.45751953125 0.748046875 1 0.35595703125 0.669921875 1
0 0.57568359375 0.8095703125 0.095703125 0.0439453125 0.623046875 0.8017578125 1 0.51171875 0.8671875 1 0.53125 0.7880859375 1
0 0.335205078125 0.803955078125 0.02001953125 0.04638671875 0.3271484375 0.826171875 1 0.36181640625 0.81982421875 1 0.326171875 0.78173828125 1
0 0.3955078125 0.81005859375 0.0703125 0.0576171875 0.361328125 0.837890625 1 0.4775390625 0.75341796875 1 0.39697265625 0.79736328125 1
0 0.54345703125 0.782470703125 0.123046875 0.08935546875 0.482421875 0.82666015625 1 0.6064453125 0.765625 1 0.6044921875 0.73828125 1
0 0.45703125 0.73486328125 0.0693359375 0.0625 0.4912109375 0.70947265625 1 0.36376953125 0.68701171875 1 0.47412109375 0.765625 1
0 0.574951171875 0.81982421875 0.06982421875 0.111328125 0.609375 0.7646484375 1 0.61376953125 0.8173828125 1 0.54052734375 0.875 1
0 0.487548828125 0.835205078125 0.13427734375 0.05615234375 0.42919921875 0.8154296875 1 0.390625 0.7890625 1 0.5537109375 0.8623046875 1
0 0.421142578125 0.820556640625 0.11376953125 0.15966796875 0.365234375 0.7646484375 1 0.55322265625 0.68212890625 1 0.42529296875 0.8994140625 1
0 0.533203125 0.72802734375 0.197265625 0.1240234375 0.48486328125 0.66650390625 1 0.3369140625 0.7275390625 1 0.63134765625 0.78955078125 1
0 0.447265625 0.71826171875 0.0380859375 0.1142578125 0.4658203125 0.66162109375 1 0.43505859375 0.82958984375 1 0.4287109375 0.7490234375 1
0 0.475830078125 0.76220703125 0.29638671875 0.0146484375 0.32861328125 0.7685546875 1 0.4267578125 0.76416015625 1 0.623046875 0.755859375 1
0 0.37255859375 0.760009765625 0.072265625 0.01025390625 0.33740234375 0.76416015625 1 0.4267578125 0.765625 1 0.40283203125 0.755859375 1
0 0.467041015625 0.744384765625 0.09033203125 0.19677734375 0.455078125 0.84228515625 1 0.36865234375 0.7841796875 1 0.51171875 0.646484375 1
0 0.547607421875 0.807861328125 0.11083984375 0.07861328125 0.5751953125 0.82568359375 1 0.39794921875 0.88720703125 1 0.6025390625 0.76904296875 1
0 0.4716796875 0.784423828125 0.158203125 0.02001953125 0.3935546875 0.7822265625 1 0.41455078125 0.76513671875 1 0.5498046875 0.79345703125 1
0 0.4462890625 0.7822265625 0.2841796875 0.1416015625 0.30517578125 0.7705078125 1 0.48828125 0.623046875 1 0.58740234375 0.85205078125 1
0 0.431396484375 0.731689453125 0.24072265625 0.13330078125 0.3115234375 0.76611328125 1 0.4453125 0.86279296875 1 0.55126953125 0.66552734375 1
0 0.498779296875 0.736083984375 0.19970703125 0.07177734375 0.59814453125 0.771484375 1 0.5830078125 0.76318359375 1 0.3994140625 0.70068359375 1
