0 0.650634765625 0.48779296875 0.31591796875 0.1875 0.49365234375 0.58056640625 1 0.5830078125 0.3056640625 1 0.8076171875 0.43896484375 1
0 0.566162109375 0.469482421875 0.20263671875 0.06982421875 0.6513671875 0.43505859375 1 0.7236328125 0.54345703125 1 0.46533203125 0.48193359375 1
0 0.685302734375 0.335205078125 0.09326171875 0.24658203125 0.73095703125 0.212890625 1 0.63037109375 0.49072265625 1 0.64111328125 0.453125 1
0 0.674072265625 0.4912109375 0.26025390625 0.1083984375 0.80322265625 0.54443359375 1 0.701171875 0.40673828125 1 0.544921875 0.44775390625 1
0 0.588623046875 0.443603515625 0.20947265625 0.12548828125 0.48486328125 0.3818359375 1 0.5615234375 0.59326171875 1 0.6923828125 0.44384765625 1
0 0.634765625 0.342529296875 0.2109375 0.10302734375 0.52978515625 0.29150390625 1 0.78857421875 0.4462890625 1 0.728515625 0.36669921875 1
0 0.642333984375 0.578369140625 0.16650390625 0.12060546875 0.5595703125 0.63818359375 1 0.79296875 0.54248046875 1 0.69775390625 0.5185546875 1
0 0.71533203125 0.443603515625 0.4091796875 0.07080078125 0.91943359375 0.478515625 1 0.6025390625 0.3583984375 1 0.51123046875 0.4453125 1
0 0.5888671875 0.47119140625 0.1162109375 0.255859375 0.5546875 0.34375 1 0.75 0.39208984375 1 0.53125 0.5986328125 1
0 0.78955078125 0.40185546875 0.314453125 0.1181640625 0.94580078125 0.4599609375 1 0.6328125 0.322265625 1 0.63330078125 0.34814453125 1
0 0.66748046875 0.30908203125 0.32421875 0.154296875 0.8125 0.23291015625 1 0.90087890625 0.47021484375 1 0.50634765625 0.337890625 1
0 0.606201171875 0.36767578125 0.16845703125 0.1416015625 0.52490234375 0.2978515625 1 0.5068359375 0.55029296875 1 0.689453125 0.34716796875 1
0 0.641357421875 0.373291015625 0.18115234375 0.09228515625 0.56591796875 0.388671875 1 0.5 0.47216796875 1 0.7314453125 0.32763671875 1
0 0.572021484375 0.545654296875 0.05810546875 0.15185546875 0.5439453125 0.5751953125 1 0.59814453125 0.34619140625 1 0.60009765625 0.62060546875 1
0 0.662353515625 0.36572265625 0.22021484375 0.318359375 0.5537109375 0.52392578125 1 0.5478515625 0.48388671875 1 0.771484375 0.20751953125 1
0 0.55224609375 0.447509765625 0.1982421875 0.10986328125 0.6474609375 0.453125 1 0.677734375 0.31298828125 1 0.45361328125 0.501953125 1
0 0.672119140625 0.282958984375 0.24267578125 0.12744140625 0.79248046875 0.22021484375 1 0.69775390625 0.244140625 1 0.5517578125 0.345703125 1
0 0.693115234375 0.38525390625 0.14111328125 0.19921875 0.7626953125 0.28662109375 1 0.6748046875 0.39599609375 1 0.62353515625 0.48388671875 1
0 0.772705078125 0.410888671875 0.24072265625 0.24853515625 0.70068359375 0.28759765625 1 0.5478515625 0.36181640625 1 0.89208984375 0.5341796875 1
0 0.655517578125 0.501220703125 0.30419921875 0.15478515625 0.794921875 0.4248046875 1 0.8671875 0.5224609375 1 0.50439453125 0.57763671875 1
0 0.5693359375 0.561767578125 0.06640625 0.00830078125 0.5703125 0.56201171875 1 0.49169921875 0.55419921875 1 0.6015625 0.56494140625 1
0 0.59228515625 0.5869140625 0.009765625 0.1171875 0.59326171875 0.5302734375 1 0.6025390625 0.517578125 1 0.587890625 0.64501953125 1
0 0.629150390625 0.515869140625 0.33544921875 0.08544921875 0.7958984375 0.51171875 1 0.7412109375 0.4189453125 1 0.46240234375 0.5576171875 1
0 0.678466796875 0.46630859375 0.25341796875 0.1240234375 0.5537109375 0.52783203125 1 0.53466796875 0.29541015625 1 0.8046875 0.50341796875 1
