0 0.305908203125 0.651123046875 0.12744140625 0.22021484375 0.36865234375 0.76025390625 1 0.3369140625 0.73486328125 1 0.2431640625 0.5419921875 1
0 0.325927734375 0.601806640625 0.08447265625 0.20263671875 0.28466796875 0.50146484375 1 0.29443359375 0.77978515625 1 0.3671875 0.6728515625 1
0 0.2841796875 0.692626953125 0.029296875 0.15673828125 0.2978515625 0.654296875 1 0.2841796875 0.53759765625 1 0.2705078125 0.77001953125 1
0 0.240966796875 0.675048828125 0.11279296875 0.18408203125 0.18505859375 0.58349609375 1 0.34765625 0.62939453125 1 0.27392578125 0.7666015625 1
0 0.307861328125 0.596923828125 0.04541015625 0.05126953125 0.2861328125 0.60546875 1 0.36669921875 0.650390625 1 0.29931640625 0.572265625 1
0 0.260986328125 0.668701171875 0.18017578125 0.09423828125 0.3486328125 0.66650390625 1 0.37060546875 0.55810546875 1 0.17138671875 0.71533203125 1
0 0.3271484375 0.704345703125 0.037109375 0.14892578125 0.30908203125 0.7783203125 1 0.318359375 0.54345703125 1 0.34521484375 0.6826171875 1
0 0.27783203125 0.642578125 0.0859375 0.060546875 0.2490234375 0.67041015625 1 0.39697265625 0.5556640625 1 0.23583984375 0.671875 1
0 0.29443359375 0.6171875 0.1279296875 0.166015625 0.2548828125 0.69970703125 1 0.1767578125 0.5927734375 1 0.35791015625 0.53466796875 1
0 0.24267578125 0.563720703125 0.1240234375 0.04833984375 0.18115234375 0.58740234375 1 0.3037109375 0.52734375 1 0.30419921875 0.5439453125 1
0 0.258056640625 0.5263671875 0.05126953125 0.0224609375 0.275390625 0.52587890625 1 0.30224609375 0.55224609375 1 0.2333984375 0.51611328125 1
0 0.228515625 0.677490234375 0.0244140625 0.11572265625 0.216796875 0.73486328125 1 0.22412109375 0.72802734375 1 0.240234375 0.6201171875 1
0 0.2392578125 0.62548828125 0.0185546875 0.138671875 0.24609375 0.556640625 1 0.2548828125 0.71533203125 1 0.23046875 0.69140625 1
0 0.30126953125 0.69970703125 0.0556640625 0.1572265625 0.32861328125 0.77783203125 1 0.265625 0.6884765625 1 0.275390625 0.62158203125 1
0 0.272216796875 0.569091796875 0.18408203125 0.12548828125 0.1806640625 0.63134765625 1 0.30712890625 0.513671875 1 0.36376953125 0.5068359375 1
0 0.340087890625 0.565185546875 0.12060546875 0.07568359375 0.39990234375 0.52783203125 1 0.2421875 0.646484375 1 0.29248046875 0.5771484375 1
0 0.22998046875 0.5927734375 0.0986328125 0.1884765625 0.24853515625 0.49951171875 1 0.33203125 0.74658203125 1 0.181640625 0.6669921875 1
0 0.246826171875 0.660888671875 0.07470703125 0.17138671875 0.22119140625 0.74560546875 1 0.3505859375 0.55078125 1 0.21044921875 0.58056640625 1
0 0.29345703125 0.635986328125 0.099609375 0.03271484375 0.3154296875 0.6201171875 1 0.3955078125 0.6298828125 1 0.244140625 0.65185546875 1
0 0.302734375 0.63525390625 0.0634765625 0.1171875 0.333984375 0.693359375 1 0.212890625 0.52587890625 1 0.32666015625 0.60009765625 1
0 0.32275390625 0.596435546875 0.083984375 0.16259765625 0.28125 0.515625 1 0.42626953125 0.56884765625 1 0.31884765625 0.67724609375 1
0 0.247802734375 0.72607421875 0.03955078125 0.0517578125 0.2626953125 0.70068359375 1 0.28076171875 0.7763671875 1 0.228515625 0.7392578125 1
0 0.309814453125 0.68603515625 0.09521484375 0.125 0.2626953125 0.73974609375 1 0.2724609375 0.50439453125 1 0.35693359375 0.748046875 1
0 0.296142578125 0.6259765625 0.05224609375 0.126953125 0.3154296875 0.68896484375 1 0.33984375 0.5859375 1 0.2705078125 0.56298828125 1
