0 0.420166015625 0.422607421875 0.20751953125 0.16845703125 0.5234375 0.50634765625 1 0.357421875 0.515625 1 0.31689453125 0.3388671875 1
0 0.415283203125 0.393798828125 0.16357421875 0.11279296875 0.49609375 0.44921875 1 0.23876953125 0.4345703125 1 0.39208984375 0.33837890625 1
0 0.31787109375 0.430419921875 0.1650390625 0.10009765625 0.236328125 0.38134765625 1 0.4658203125 0.431640625 1 0.373046875 0.4794921875 1
0 0.41650390625 0.38427734375 0.060546875 0.1259765625 0.4033203125 0.3759765625 1 0.35595703125 0.54150390625 1 0.4462890625 0.32177734375 1
0 0.4755859375 0.488037109375 0.251953125 0.10205078125 0.35009765625 0.53857421875 1 0.529296875 0.4814453125 1 0.60107421875 0.4375 1
0 0.45458984375 0.435546875 0.2314453125 0.0888671875 0.5693359375 0.47900390625 1 0.3955078125 0.4443359375 1 0.33984375 0.39208984375 1
0 0.363037109375 0.40478515625 0.10498046875 0.2119140625 0.41455078125 0.2998046875 1 0.23779296875 0.41015625 1 0.365234375 0.509765625 1
0 0.42578125 0.476806640625 0.0771484375 0.21533203125 0.46337890625 0.4384765625 1 0.35009765625 0.25 1 0.40771484375 0.58349609375 1
0 0.36767578125 0.447265625 0.048828125 0.0947265625 0.36767578125 0.45458984375 1 0.42578125 0.32958984375 1 0.34375 0.494140625 1
0 0.449951171875 0.337890625 0.24658203125 0.1357421875 0.57275390625 0.38427734375 1 0.3291015625 0.458984375 1 0.3271484375 0.2705078125 1
0 0.416015625 0.406005859375 0.232421875 0.19873046875 0.30078125 0.50439453125 1 0.5244140625 0.42919921875 1 0.53125 0.3076171875 1
0 0.49755859375 0.35986328125 0.048828125 0.1240234375 0.51513671875 0.298828125 1 0.43115234375 0.3447265625 1 0.52099609375 0.4208984375 1
0 0.443115234375 0.337646484375 0.14208984375 0.18310546875 0.513671875 0.41796875 1 0.501953125 0.47412109375 1 0.37255859375 0.24658203125 1
0 0.457275390625 0.409423828125 0.24072265625 0.07275390625 0.5771484375 0.4453125 1 0.51513671875 0.33447265625 1 0.33740234375 0.3955078125 1
0 0.49365234375 0.49365234375 0.1103515625 0.083984375 0.54052734375 0.4697265625 1 0.57861328125 0.4140625 1 0.43896484375 0.53515625 1
0 0.377197265625 0.505615234375 0.14892578125 0.10400390625 0.34521484375 0.47412109375 1 0.224609375 0.4091796875 1 0.451171875 0.55712890625 1
0 0.33203125 0.3837890625 0.080078125 0.26953125 0.3603515625 0.51806640625 1 0.21923828125 0.388671875 1 0.37158203125 0.24951171875 1
0 0.415283203125 0.368896484375 0.03271484375 0.26611328125 0.43115234375 0.50146484375 1 0.39013671875 0.30029296875 1 0.40283203125 0.236328125 1
0 0.427001953125 0.475341796875 0.29541015625 0.06298828125 0.57421875 0.4443359375 1 0.4267578125 0.50830078125 1 0.27978515625 0.50634765625 1
0 0.290283203125 0.3681640625 0.07177734375 0.08203125 0.30908203125 0.40869140625 1 0.3603515625 0.36572265625 1 0.2548828125 0.32763671875 1
0 0.359619140625 0.3779296875 0.15576171875 0.1484375 0.2822265625 0.45166015625 1 0.55517578125 0.388671875 1 0.34765625 0.30419921875 1
0 0.466064453125 0.42138671875 0.16552734375 0.259765625 0.54833984375 0.55078125 1 0.34814453125 0.46484375 1 0.39208984375 0.2919921875 1
0 0.38623046875 0.439208984375 0.087890625 0.14697265625 0.42919921875 0.48779296875 1 0.36572265625 0.5712890625 1 0.34326171875 0.36669921875 1
0 0.3017578125 0.417236328125 0.1298828125 0.05810546875 0.23779296875 0.41455078125 1 0.294921875 0.4873046875 1 0.36572265625 0.38916015625 1
