0 0.372314453125 0.575927734375 0.14111328125 0.06201171875 0.42724609375 0.56005859375 1 0.17138671875 0.51708984375 1 0.44189453125 0.60595703125 1
0 0.28564453125 0.558349609375 0.0595703125 0.29150390625 0.25634765625 0.4130859375 1 0.3447265625 0.46240234375 1 0.30078125 0.70361328125 1
0 0.337158203125 0.591796875 0.16162109375 0.1845703125 0.37255859375 0.521484375 1 0.5029296875 0.43798828125 1 0.2568359375 0.68359375 1
0 0.327880859375 0.4677734375 0.14990234375 0.1357421875 0.31591796875 0.53466796875 1 0.15869140625 0.4912109375 1 0.40185546875 0.40087890625 1
0 0.51806640625 0.55419921875 0.103515625 0.1181640625 0.5693359375 0.61279296875 1 0.3740234375 0.47119140625 1 0.55078125 0.5009765625 1
0 0.34130859375 0.581298828125 0.236328125 0.25244140625 0.458984375 0.70703125 1 0.3388671875 0.48095703125 1 0.2236328125 0.45556640625 1
0 0.28857421875 0.515625 0.2001953125 0.091796875 0.18896484375 0.50634765625 1 0.48291015625 0.4130859375 1 0.34375 0.56103515625 1
0 0.471923828125 0.544189453125 0.21728515625 0.19775390625 0.4423828125 0.4462890625 1 0.2353515625 0.6552734375 1 0.57958984375 0.6416015625 1
0 0.412109375 0.59765625 0.2919921875 0.2490234375 0.2666015625 0.7216796875 1 0.30224609375 0.37744140625 1 0.5576171875 0.51123046875 1
0 0.384033203125 0.55859375 0.24072265625 0.1015625 0.2646484375 0.6083984375 1 0.3994140625 0.4423828125 1 0.50341796875 0.55322265625 1
0 0.3076171875 0.44775390625 0.0947265625 0.095703125 0.2607421875 0.4560546875 1 0.44189453125 0.55615234375 1 0.2734375 0.400390625 1
0 0.28564453125 0.724365234375 0.1328125 0.18603515625 0.3515625 0.7255859375 1 0.248046875 0.50048828125 1 0.2197265625 0.81689453125 1
0 0.273193359375 0.6318359375 0.19189453125 0.2724609375 0.36865234375 0.767578125 1 0.26220703125 0.48583984375 1 0.177734375 0.49658203125 1
0 0.28955078125 0.716552734375 0.125 0.06201171875 0.3515625 0.73291015625 1 0.19091796875 0.6328125 1 0.23876953125 0.7470703125 1
0 0.292724609375 0.64501953125 0.14306640625 0.1484375 0.36328125 0.59619140625 1 0.18359375 0.51220703125 1 0.23291015625 0.71826171875 1
0 0.36083984375 0.510009765625 0.1083984375 0.10791015625 0.3076171875 0.56298828125 1 0.51904296875 0.4970703125 1 0.3115234375 0.45703125 1
0 0.328125 0.686279296875 0.2255859375 0.21728515625 0.4140625 0.57861328125 1 0.5166015625 0.68212890625 1 0.21630859375 0.7939453125 1
0 0.2568359375 0.734375 0.013671875 0.1533203125 0.25537109375 0.810546875 1 0.27392578125 0.5068359375 1 0.25048828125 0.80859375 1
0 0.3916015625 0.548095703125 0.197265625 0.03466796875 0.3623046875 0.53173828125 1 0.17919921875 0.59130859375 1 0.4892578125 0.54296875 1
0 0.36865234375 0.5634765625 0.037109375 0.2626953125 0.38671875 0.4326171875 1 0.3583984375 0.51123046875 1 0.3505859375 0.6943359375 1
0 0.33544921875 0.509033203125 0.1142578125 0.01806640625 0.32763671875 0.50048828125 1 0.47802734375 0.5205078125 1 0.27880859375 0.51708984375 1
0 0.3271484375 0.611328125 0.208984375 0.09375 0.22314453125 0.56494140625 1 0.35693359375 0.71142578125 1 0.43115234375 0.62744140625 1
0 0.3603515625 0.529541015625 0.1845703125 0.13720703125 0.2685546875 0.46142578125 1 0.3671875 0.466796875 1 0.4521484375 0.59765625 1
0 0.402099609375 0.51416015625 0.35205078125 0.1279296875 0.22705078125 0.451171875 1 0.4541015625 0.4833984375 1 0.5771484375 0.5771484375 1
