0 0.325927734375 0.404052734375 0.11962890625 0.13818359375 0.283203125 0.392578125 1 0.224609375 0.2490234375 1 0.384765625 0.47216796875 1
0 0.443115234375 0.384765625 0.14794921875 0.1396484375 0.5166015625 0.4541015625 1 0.34375 0.23095703125 1 0.37451171875 0.3671875 1
0 0.41259765625 0.2490234375 0.1376953125 0.0263671875 0.48095703125 0.2607421875 1 0.2275390625 0.267578125 1 0.44482421875 0.236328125 1
0 0.41650390625 0.321044921875 0.1728515625 0.24560546875 0.33740234375 0.44287109375 1 0.2998046875 0.12548828125 1 0.501953125 0.2216796875 1
0 0.368408203125 0.25146484375 0.21533203125 0.056640625 0.26123046875 0.2236328125 1 0.5400390625 0.2783203125 1 0.45654296875 0.279296875 1
0 0.431640625 0.32373046875 0.0283203125 0.35546875 0.42919921875 0.50048828125 1 0.40185546875 0.0947265625 1 0.44482421875 0.15478515625 1
0 0.3759765625 0.28857421875 0.048828125 0.1591796875 0.36279296875 0.2099609375 1 0.4423828125 0.2080078125 1 0.35205078125 0.36767578125 1
0 0.3916015625 0.21142578125 0.1552734375 0.123046875 0.45458984375 0.2724609375 1 0.51611328125 0.16943359375 1 0.314453125 0.150390625 1
0 0.4443359375 0.221435546875 0.1337890625 0.09814453125 0.51025390625 0.17333984375 1 0.28125 0.333984375 1 0.451171875 0.2265625 1
0 0.30126953125 0.23681640625 0.0380859375 0.26171875 0.30322265625 0.107421875 1 0.34423828125 0.0966796875 1 0.283203125 0.36669921875 1
0 0.407958984375 0.350830078125 0.13427734375 0.11279296875 0.375 0.2958984375 1 0.2763671875 0.29052734375 1 0.47412109375 0.40625 1
0 0.233642578125 0.25146484375 0.04150390625 0.0546875 0.21337890625 0.26611328125 1 0.2890625 0.30419921875 1 0.2236328125 0.224609375 1
0 0.320068359375 0.322509765625 0.12744140625 0.18310546875 0.365234375 0.41357421875 1 0.43115234375 0.39990234375 1 0.2568359375 0.2314453125 1
0 0.305908203125 0.347900390625 0.16162109375 0.17431640625 0.22607421875 0.33984375 1 0.369140625 0.14599609375 1 0.3857421875 0.43408203125 1
0 0.438232421875 0.372802734375 0.15576171875 0.14501953125 0.51513671875 0.43359375 1 0.35693359375 0.1640625 1 0.36181640625 0.4443359375 1
0 0.367431640625 0.183837890625 0.11279296875 0.05810546875 0.3369140625 0.1552734375 1 0.25927734375 0.27001953125 1 0.42333984375 0.1552734375 1
0 0.512939453125 0.324462890625 0.01416015625 0.17724609375 0.5087890625 0.30859375 1 0.50146484375 0.1240234375 1 0.51953125 0.41259765625 1
0 0.42529296875 0.35986328125 0.044921875 0.2822265625 0.4169921875 0.2197265625 1 0.4833984375 0.30322265625 1 0.40380859375 0.5 1
0 0.343994140625 0.2568359375 0.04931640625 0.2060546875 0.3681640625 0.154296875 1 0.2958984375 0.4208984375 1 0.33203125 0.34130859375 1
0 0.324951171875 0.3505859375 0.13232421875 0.1015625 0.26953125 0.40087890625 1 0.22314453125 0.20361328125 1 0.390625 0.3935546875 1
0 0.3681640625 0.35888671875 0.2890625 0.2119140625 0.51171875 0.4638671875 1 0.47802734375 0.18994140625 1 0.224609375 0.27392578125 1
0 0.358642578125 0.3330078125 0.13232421875 0.1962890625 0.423828125 0.43017578125 1 0.2001953125 0.35205078125 1 0.361328125 0.23583984375 1
0 0.3095703125 0.25634765625 0.0986328125 0.1171875 0.29248046875 0.25927734375 1 0.4375 0.115234375 1 0.26123046875 0.31396484375 1
0 0.37548828125 0.19287109375 0.0751953125 0.142578125 0.3388671875 0.1884765625 1 0.4814453125 0.36572265625 1 0.3466796875 0.12255859375 1
