0 0.61279296875 0.457275390625 0.3671875 0.06103515625 0.4296875 0.435546875 1 0.68359375 0.5439453125 1 0.7958984375 0.42724609375 1
0 0.596435546875 0.426513671875 0.18115234375 0.16259765625 0.6806640625 0.345703125 1 0.720703125 0.380859375 1 0.50634765625 0.50732421875 1
0 0.58984375 0.473388671875 0.1943359375 0.04931640625 0.498046875 0.4970703125 1 0.4658203125 0.4365234375 1 0.68603515625 0.45361328125 1
0 0.611083984375 0.402587890625 0.21435546875 0.10400390625 0.71728515625 0.35498046875 1 0.59814453125 0.33447265625 1 0.5048828125 0.45361328125 1
0 0.5576171875 0.401123046875 0.072265625 0.10595703125 0.5693359375 0.427734375 1 0.63525390625 0.25830078125 1 0.52197265625 0.45361328125 1
0 0.634521484375 0.36474609375 0.03955078125 0.2236328125 0.6533203125 0.25390625 1 0.6142578125 0.43701171875 1 0.6162109375 0.4755859375 1
0 0.652099609375 0.370849609375 0.08935546875 0.14306640625 0.62353515625 0.44189453125 1 0.77734375 0.39599609375 1 0.60791015625 0.2998046875 1
0 0.556884765625 0.426025390625 0.19091796875 0.06494140625 0.65185546875 0.443359375 1 0.55712890625 0.48876953125 1 0.4619140625 0.39404296875 1
0 0.59326171875 0.502685546875 0.189453125 0.13134765625 0.68701171875 0.5673828125 1 0.69140625 0.4873046875 1 0.49951171875 0.43798828125 1
0 0.6005859375 0.3759765625 0.0234375 0.126953125 0.61181640625 0.43896484375 1 0.57080078125 0.3466796875 1 0.60595703125 0.31298828125 1
0 0.74609375 0.445556640625 0.0986328125 0.07177734375 0.7314453125 0.48095703125 1 0.64013671875 0.41796875 1 0.794921875 0.41015625 1
0 0.581298828125 0.424072265625 0.07275390625 0.06103515625 0.6171875 0.43017578125 1 0.5087890625 0.34814453125 1 0.564453125 0.4541015625 1
0 0.633056640625 0.3466796875 0.11279296875 0.130859375 0.67431640625 0.2822265625 1 0.474609375 0.3408203125 1 0.6884765625 0.4111328125 1
0 0.47900390625 0.478759765625 0.083984375 0.07568359375 0.4375 0.44140625 1 0.49853515625 0.47119140625 1 0.5205078125 0.51611328125 1
0 0.530517578125 0.47412109375 0.07470703125 0.1669921875 0.56689453125 0.556640625 1 0.57177734375 0.35791015625 1 0.494140625 0.39892578125 1
0 0.673095703125 0.451171875 0.09619140625 0.091796875 0.705078125 0.49658203125 1 0.759765625 0.40234375 1 0.62548828125 0.40625 1
0 0.61767578125 0.4345703125 0.2216796875 0.181640625 0.72802734375 0.353515625 1 0.6953125 0.3037109375 1 0.50732421875 0.52490234375 1
0 0.662353515625 0.39306640625 0.02392578125 0.220703125 0.67333984375 0.50244140625 1 0.654296875 0.31396484375 1 0.6513671875 0.28369140625 1
0 0.61767578125 0.41943359375 0.0859375 0.0791015625 0.65966796875 0.4580078125 1 0.51953125 0.3134765625 1 0.61328125 0.44091796875 1
0 0.52197265625 0.447021484375 0.1669921875 0.07861328125 0.552734375 0.40869140625 1 0.69775390625 0.525390625 1 0.439453125 0.46484375 1
0 0.585205078125 0.36279296875 0.20166015625 0.1123046875 0.685546875 0.41748046875 1 0.41845703125 0.4296875 1 0.5068359375 0.30712890625 1
0 0.666015625 0.406494140625 0.265625 0.05126953125 0.5478515625 0.42333984375 1 0.47265625 0.3359375 1 0.79833984375 0.431640625 1
0 0.564208984375 0.3623046875 0.15185546875 0.18359375 0.4892578125 0.453125 1 0.748046875 0.46142578125 1 0.560546875 0.271484375 1
0 0.649169921875 0.419921875 0.09228515625 0.060546875 0.69482421875 0.39013671875 1 0.53125 0.48828125 1 0.6611328125 0.42578125 1
