0 0.174072265625 0.28466796875 0.14697265625 0.1533203125 0.24658203125 0.208984375 1 0.25390625 0.28076171875 1 0.1015625 0.3603515625 1
0 0.30615234375 0.43994140625 0.1533203125 0.0927734375 0.38232421875 0.39404296875 1 0.20751953125 0.5302734375 1 0.2333984375 0.46484375 1
0 0.1962890625 0.322265625 0.31640625 0.0380859375 0.353515625 0.34033203125 1 0.13916015625 0.26806640625 1 0.0390625 0.34033203125 1
0 0.1474609375 0.281005859375 0.2060546875 0.08349609375 0.24951171875 0.240234375 1 0.0283203125 0.36181640625 1 0.046875 0.30224609375 1
0 0.201904296875 0.30126953125 0.10009765625 0.12109375 0.15283203125 0.34912109375 1 0.2744140625 0.39892578125 1 0.24560546875 0.24169921875 1
0 0.24658203125 0.419677734375 0.0390625 0.18603515625 0.22802734375 0.32763671875 1 0.24951171875 0.4677734375 1 0.26513671875 0.51171875 1
0 0.375 0.372314453125 0.0546875 0.04443359375 0.3720703125 0.3935546875 1 0.314453125 0.3447265625 1 0.4013671875 0.35205078125 1
0 0.187744140625 0.341064453125 0.17333984375 0.17822265625 0.10205078125 0.2529296875 1 0.26708984375 0.3642578125 1 0.2734375 0.42919921875 1
0 0.15185546875 0.325927734375 0.0673828125 0.16357421875 0.18505859375 0.24462890625 1 0.06494140625 0.490234375 1 0.1630859375 0.36572265625 1
0 0.245361328125 0.431396484375 0.27392578125 0.04345703125 0.38134765625 0.4521484375 1 0.3759765625 0.3837890625 1 0.109375 0.42919921875 1
0 0.31298828125 0.41845703125 0.1162109375 0.1748046875 0.31787109375 0.33203125 1 0.171875 0.35693359375 1 0.3701171875 0.5048828125 1
0 0.1044921875 0.482177734375 0.05859375 0.11083984375 0.13330078125 0.537109375 1 0.10693359375 0.3974609375 1 0.07568359375 0.43603515625 1
0 0.2626953125 0.322265625 0.0322265625 0.1513671875 0.27783203125 0.33203125 1 0.2314453125 0.49609375 1 0.25634765625 0.24755859375 1
0 0.15771484375 0.364501953125 0.1943359375 0.10205078125 0.06103515625 0.39599609375 1 0.14697265625 0.2236328125 1 0.25439453125 0.4150390625 1
0 0.144287109375 0.440185546875 0.16455078125 0.09814453125 0.0625 0.3916015625 1 0.38037109375 0.392578125 1 0.0810546875 0.48876953125 1
0 0.238525390625 0.40625 0.34033203125 0.021484375 0.408203125 0.41650390625 1 0.107421875 0.39453125 1 0.06884765625 0.396484375 1
0 0.136962890625 0.37353515625 0.23291015625 0.166015625 0.1728515625 0.44775390625 1 0.39013671875 0.49365234375 1 0.02099609375 0.291015625 1
0 0.31982421875 0.4130859375 0.1904296875 0.0888671875 0.3583984375 0.45703125 1 0.06689453125 0.318359375 1 0.41455078125 0.39892578125 1
0 0.364013671875 0.385986328125 0.06298828125 0.07080078125 0.39501953125 0.35107421875 1 0.2978515625 0.482421875 1 0.35302734375 0.3671875 1
0 0.228271484375 0.316162109375 0.13330078125 0.17333984375 0.29443359375 0.3623046875 1 0.03466796875 0.48583984375 1 0.28515625 0.22998046875 1
0 0.29638671875 0.321533203125 0.0302734375 0.11181640625 0.310546875 0.37646484375 1 0.3115234375 0.23583984375 1 0.2822265625 0.275390625 1
0 0.156982421875 0.376953125 0.16552734375 0.1171875 0.2392578125 0.31884765625 1 0.21044921875 0.46533203125 1 0.07470703125 0.42724609375 1
0 0.32470703125 0.331787109375 0.0517578125 0.06982421875 0.32763671875 0.34375 1 0.26220703125 0.2412109375 1 0.35009765625 0.3662109375 1
0 0.160888671875 0.335693359375 0.11083984375 0.04052734375 0.1064453125 0.35498046875 1 0.13525390625 0.34716796875 1 0.21533203125 0.31640625 1
