0 0.659912109375 0.2197265625 0.09716796875 0.2509765625 0.61181640625 0.3447265625 1 0.70751953125 0.1376953125 1 0.7080078125 0.0947265625 1
0 0.604248046875 0.32666015625 0.20556640625 0.1201171875 0.6611328125 0.3857421875 1 0.80224609375 0.22314453125 1 0.50244140625 0.28466796875 1
0 0.728759765625 0.25 0.16650390625 0.162109375 0.7490234375 0.169921875 1 0.51708984375 0.30615234375 1 0.81103515625 0.330078125 1
0 0.64892578125 0.238037109375 0.2529296875 0.05712890625 0.77490234375 0.21044921875 1 0.51611328125 0.20751953125 1 0.5234375 0.26611328125 1
0 0.7470703125 0.2734375 0.0888671875 0.095703125 0.79052734375 0.287109375 1 0.623046875 0.376953125 1 0.7783203125 0.2265625 1
0 0.749755859375 0.307373046875 0.11669921875 0.25927734375 0.8076171875 0.17822265625 1 0.67529296875 0.2724609375 1 0.69482421875 0.4365234375 1
0 0.609130859375 0.247802734375 0.22314453125 0.10791015625 0.7197265625 0.30078125 1 0.70703125 0.23095703125 1 0.49853515625 0.19482421875 1
0 0.667724609375 0.27392578125 0.34326171875 0.19140625 0.83837890625 0.22412109375 1 0.6259765625 0.5341796875 1 0.4970703125 0.17919921875 1
0 0.678466796875 0.32275390625 0.24853515625 0.341796875 0.8017578125 0.15283203125 1 0.59423828125 0.5234375 1 0.55517578125 0.490234375 1
0 0.7216796875 0.236328125 0.2197265625 0.1357421875 0.83056640625 0.30322265625 1 0.47119140625 0.1259765625 1 0.7060546875 0.18359375 1
0 0.764404296875 0.22802734375 0.08447265625 0.2919921875 0.80615234375 0.37353515625 1 0.6953125 0.32470703125 1 0.732421875 0.08251953125 1
0 0.709228515625 0.36279296875 0.35009765625 0.0576171875 0.53515625 0.3720703125 1 0.58837890625 0.4228515625 1 0.88330078125 0.3349609375 1
0 0.668212890625 0.199951171875 0.18505859375 0.19287109375 0.58251953125 0.1748046875 1 0.544921875 0.44775390625 1 0.759765625 0.1044921875 1
0 0.640625 0.18115234375 0.0849609375 0.1533203125 0.68212890625 0.10546875 1 0.58447265625 0.314453125 1 0.60205078125 0.2353515625 1
0 0.788330078125 0.305419921875 0.11865234375 0.07763671875 0.8466796875 0.34326171875 1 0.62255859375 0.20751953125 1 0.82958984375 0.31640625 1
0 0.74072265625 0.277587890625 0.060546875 0.26513671875 0.76611328125 0.3955078125 1 0.65576171875 0.4697265625 1 0.77001953125 0.14599609375 1
0 0.639892578125 0.33935546875 0.13134765625 0.134765625 0.5751953125 0.40576171875 1 0.77197265625 0.16064453125 1 0.669921875 0.3681640625 1
0 0.667236328125 0.235595703125 0.09228515625 0.31689453125 0.65625 0.39306640625 1 0.7841796875 0.1591796875 1 0.6220703125 0.078125 1
0 0.8193359375 0.307373046875 0.0888671875 0.05517578125 0.86279296875 0.333984375 1 0.8427734375 0.291015625 1 0.77587890625 0.28076171875 1
0 0.5634765625 0.230712890625 0.16796875 0.03271484375 0.48046875 0.24609375 1 0.646484375 0.2333984375 1 0.646484375 0.21533203125 1
0 0.63525390625 0.32080078125 0.0341796875 0.166015625 0.63720703125 0.4033203125 1 0.59423828125 0.38134765625 1 0.65185546875 0.23828125 1
0 0.608642578125 0.216552734375 0.31982421875 0.16455078125 0.44970703125 0.13525390625 1 0.8251953125 0.16259765625 1 0.7578125 0.2978515625 1
0 0.568359375 0.18115234375 0.13671875 0.0361328125 0.6357421875 0.19580078125 1 0.42578125 0.20849609375 1 0.54296875 0.1640625 1
0 0.7177734375 0.262451171875 0.244140625 0.10400390625 0.59619140625 0.31396484375 1 0.65673828125 0.126953125 1 0.83935546875 0.28076171875 1
