0 0.716552734375 0.236572265625 0.13525390625 0.17236328125 0.74072265625 0.15087890625 1 0.5390625 0.234375 1 0.78369140625 0.322265625 1
0 0.890380859375 0.24169921875 0.09423828125 0.0322265625 0.84423828125 0.2333984375 1 0.9111328125 0.212890625 1 0.9365234375 0.2568359375 1
0 0.685302734375 0.4013671875 0.22119140625 0.0908203125 0.5751953125 0.42626953125 1 0.5908203125 0.4892578125 1 0.79541015625 0.3564453125 1
0 0.72119140625 0.265869140625 0.369140625 0.21630859375 0.90478515625 0.373046875 1 0.80810546875 0.2939453125 1 0.53759765625 0.15869140625 1
0 0.645751953125 0.28125 0.24951171875 0.0595703125 0.52197265625 0.31005859375 1 0.833984375 0.22705078125 1 0.75341796875 0.26416015625 1
0 0.581298828125 0.39892578125 0.04541015625 0.201171875 0.603515625 0.4990234375 1 0.52490234375 0.23095703125 1 0.58544921875 0.322265625 1
0 0.62353515625 0.37939453125 0.07421875 0.212890625 0.62744140625 0.4853515625 1 0.53271484375 0.154296875 1 0.66015625 0.3408203125 1
0 0.650146484375 0.288818359375 0.17724609375 0.13525390625 0.67724609375 0.35546875 1 0.841796875 0.14404296875 1 0.5625 0.26904296875 1
0 0.585205078125 0.268310546875 0.05517578125 0.28759765625 0.56396484375 0.4111328125 1 0.54296875 0.3681640625 1 0.61181640625 0.12548828125 1
0 0.803466796875 0.284423828125 0.12744140625 0.12353515625 0.740234375 0.2900390625 1 0.775390625 0.42919921875 1 0.86669921875 0.22314453125 1
0 0.7724609375 0.2333984375 0.2509765625 0.2568359375 0.8974609375 0.33740234375 1 0.80419921875 0.44091796875 1 0.6474609375 0.10546875 1
0 0.60302734375 0.3505859375 0.07421875 0.0791015625 0.63916015625 0.32421875 1 0.505859375 0.28173828125 1 0.61962890625 0.38916015625 1
0 0.699462890625 0.4072265625 0.13134765625 0.0703125 0.76416015625 0.40087890625 1 0.66357421875 0.49462890625 1 0.634765625 0.373046875 1
0 0.67578125 0.32568359375 0.1708984375 0.2421875 0.7109375 0.44580078125 1 0.8525390625 0.30224609375 1 0.59130859375 0.20556640625 1
0 0.68359375 0.253662109375 0.140625 0.17919921875 0.75341796875 0.16455078125 1 0.55517578125 0.44189453125 1 0.638671875 0.28857421875 1
0 0.742431640625 0.3046875 0.19189453125 0.1259765625 0.64697265625 0.2421875 1 0.69873046875 0.4033203125 1 0.837890625 0.357421875 1
0 0.635498046875 0.201904296875 0.20166015625 0.18896484375 0.69482421875 0.10791015625 1 0.82666015625 0.4248046875 1 0.53515625 0.2080078125 1
0 0.72314453125 0.256591796875 0.2099609375 0.18798828125 0.82763671875 0.1630859375 1 0.67138671875 0.18017578125 1 0.61865234375 0.35009765625 1
0 0.74365234375 0.2490234375 0.041015625 0.2158203125 0.72412109375 0.35595703125 1 0.76953125 0.24609375 1 0.76220703125 0.14208984375 1
0 0.68701171875 0.2490234375 0.0947265625 0.15625 0.64013671875 0.17138671875 1 0.7890625 0.33740234375 1 0.70166015625 0.326171875 1
0 0.64697265625 0.2783203125 0.16015625 0.0380859375 0.56787109375 0.26025390625 1 0.86376953125 0.31201171875 1 0.60693359375 0.29052734375 1
0 0.63671875 0.39697265625 0.1181640625 0.18359375 0.666015625 0.3369140625 1 0.75341796875 0.232421875 1 0.57861328125 0.48779296875 1
0 0.63671875 0.3310546875 0.1669921875 0.03515625 0.5537109375 0.34814453125 1 0.86865234375 0.3134765625 1 0.58642578125 0.314453125 1
0 0.642578125 0.2529296875 0.0654296875 0.1689453125 0.62890625 0.16943359375 1 0.57666015625 0.16162109375 1 0.6748046875 0.3369140625 1
